0
0
0
2.7714
2.7847
2.7952
2.7972
2.8056
2.8068
2.8115
2.831
2.839
2.8412
2.85
2.8706
3.1962
3.1983
3.215
3.2171
3.2221
3.2267
3.2275
3.2461
3.2484
3.2537
3.2547
3.2607
4.1481
4.1506
4.1586
4.1644
4.1671
4.1762
4.1803
4.1818
4.1878
4.1907
4.1951
4.1972
4.1983
4.2037
4.2116
4.2158
4.2316
4.2586
4.2659
4.2716
4.2934
4.3031
4.5266
4.5351
4.5418
4.5427
4.547
4.5592
4.5622
4.5746
4.5904
4.5996
4.6094
4.6253
5.2004
5.2152
5.2286
5.2373
5.243
5.2483
5.255
5.2568
5.2654
5.2729
5.2777
5.2852
5.2941
5.2987
5.3005
5.3087
5.3131
5.318
5.3222
5.331
5.3439
5.3541
5.3615
5.3874
5.5039
5.507
5.5237
5.5383
5.5474
5.5605
5.5696
5.5903
5.5971
5.6114
5.6352
5.6616
5.6735
5.6809
5.6957
5.7013
5.7202
5.7257
5.7319
5.737
5.7469
5.7512
5.7575
5.7623
5.7668
5.7769
5.7795
5.7818
5.7882
5.7996
5.8032
5.8108
5.8187
5.8314
5.8483
5.8549
6.0905
6.0922
6.1073
6.1279
6.1312
6.1501
6.1583
6.1634
6.1675
6.1842
6.1903
6.1934
6.1969
6.2087
6.2175
6.2294
6.2323
6.2413
6.2433
6.2478
6.2552
6.2625
6.2655
6.2694
6.2793
6.2869
6.2921
6.298
6.3046
6.3086
6.3163
6.3192
6.3272
6.3319
6.3474
6.3536
6.5698
6.5851
6.59
6.6036
6.6088
6.6179
6.6185
6.627
6.6376
6.6431
6.6484
6.6606
6.666
6.6707
6.6765
6.6844
6.6927
6.6944
6.7012
6.7029
6.7091
6.7138
6.7253
6.7342
6.824
6.8447
6.8573
6.8635
6.8722
6.8798
6.882
6.9111
6.9153
6.9234
6.9503
6.9582
6.9744
6.9791
6.9995
7.0079
7.0279
7.0318
7.0413
7.0478
7.0523
7.0654
7.0724
7.0816
7.0835
7.09
7.0979
7.1036
7.1167
7.1256
7.1308
7.1406
7.1487
7.1664
7.1696
7.1981
7.4
7.4169
7.4303
7.4447
7.4504
7.4622
7.4757
7.4858
7.4937
7.5004
7.5116
7.5169
7.5324
7.5404
7.5485
7.5595
7.5649
7.5684
7.5787
7.5828
7.5924
7.595
7.6095
7.6117
7.6177
7.6225
7.6285
7.6321
7.6363
7.6464
7.6612
7.6649
7.6731
7.6794
7.6893
7.6938
7.7036
7.7112
7.7172
7.7224
7.7522
7.7665
7.7748
7.7878
7.8036
7.8098
7.8169
7.8251
7.8388
7.8432
7.8517
7.8527
7.8635
7.8656
7.8707
7.8807
7.8869
7.892
7.898
7.8987
7.9116
7.9191
7.9264
7.9348
7.9404
7.9459
7.9498
7.9522
7.957
7.9643
7.9718
7.9766
7.9825
7.9873
7.9912
7.9942
7.9974
8.0069
8.0091
8.014
8.0198
8.0243
8.0267
8.0351
8.0428
8.0463
8.0482
8.0498
8.0592
8.0636
8.067
8.0719
8.0762
8.0812
8.0883
8.0914
8.0968
8.0998
8.1043
8.1067
8.1157
8.1159
8.1243
8.127
8.128
8.1313
8.1414
8.1444
8.1506
8.156
8.159
8.1631
8.1692
8.1741
8.1782
8.1834
8.1865
8.1906
8.1922
8.2045
8.2126
8.214
8.216
8.2222
8.2329
8.2402
8.246
8.2508
8.2554
8.2599
8.262
8.2662
8.2722
8.2767
8.2879
8.2917
8.2933
8.2988
8.3053
8.3105
8.3121
8.3187
8.3237
8.3313
8.3332
8.3378
8.3472
8.3535
8.3612
8.3616
8.3631
8.3697
8.374
8.3825
8.3909
8.3936
8.4005
8.405
8.4086
8.4128
8.4201
8.4263
8.4275
8.4369
8.4438
8.4467
8.4501
8.4511
8.4558
8.4671
8.4703
8.4774
8.4856
8.4885
8.4962
8.5004
8.5035
8.5085
8.5169
8.52
8.5227
8.5238
8.5345
8.5395
8.5489
8.5517
8.5583
8.5635
8.5689
8.5728
8.5739
8.5814
8.5912
8.5944
8.601
8.6031
8.615
8.6199
8.6218
8.6407
8.6472
8.6504
8.6646
8.6685
8.6706
8.6727
8.6868
8.6887
8.6898
8.7066
8.711
8.7124
8.7167
8.7174
8.7229
8.7244
8.737
8.7392
8.7475
8.7504
8.7561
8.7575
8.7623
8.7729
8.7796
8.7808
8.7945
8.7956
8.7998
8.8052
8.8121
8.817
8.8201
8.8273
8.8368
8.8481
8.8516
8.8548
8.8651
8.8743
8.876
8.8862
8.8882
8.8997
8.9055
8.9117
8.9204
8.9259
8.9332
8.9358
8.9412
8.9571
8.9666
8.9687
8.9702
8.9755
8.9805
8.9881
8.9925
8.9956
8.9982
9.0062
9.0139
9.0169
9.0189
9.0268
9.0369
9.0389
9.0423
9.0478
9.0491
9.0568
9.06
9.0702
9.0764
9.0794
9.0856
9.0868
9.0917
9.0983
9.0999
9.1038
9.118
9.1226
9.1265
9.1329
9.1332
9.1385
9.1406
9.145
9.1552
9.163
9.1663
9.1709
9.177
9.1801
9.1811
9.192
9.1979
9.2048
9.2082
9.2124
9.2167
9.2293
9.2375
9.2405
9.2568
9.2608
9.2714
9.2785
9.2897
9.2959
9.3081
9.312
9.3238
9.3289
9.3346
9.3448
9.3455
9.3533
9.3544
9.3654
9.3736
9.3789
9.3879
9.3958
9.3989
9.4109
9.4205
9.4269
9.4294
9.4406
9.4476
9.4634
9.4667
9.4787
9.4832
9.4913
9.503
9.5083
9.5091
9.5171
9.519
9.5311
9.5325
9.5395
9.5483
9.5595
9.5632
9.5651
9.5717
9.5805
9.5872
9.5935
9.5961
9.6003
9.6078
9.6139
9.6218
9.6277
9.6281
9.6333
9.6359
9.6447
9.6491
9.6534
9.656
9.662
9.6691
9.6699
9.6745
9.6768
9.6825
9.6919
9.6936
9.7014
9.7025
9.7084
9.7095
9.7244
9.727
9.7348
9.7355
9.7374
9.7471
9.751
9.7544
9.7579
9.7628
9.7661
9.7692
9.7766
9.7838
9.7892
9.7929
9.7941
9.8023
9.8054
9.8094
9.8104
9.8184
9.8243
9.8278
9.8293
9.8349
9.8375
9.8399
9.8428
9.8491
9.8521
9.8536
9.8582
9.8598
9.8654
9.8664
9.8693
9.8779
9.881
9.8857
9.887
9.8887
9.8979
9.898
9.9001
9.9041
9.908
9.9124
9.9143
9.9156
9.9202
9.9248
9.9275
9.9305
9.9379
9.94
9.9431
9.9466
9.9476
9.9494
9.951
9.9578
9.9608
9.9647
9.9666
9.9676
9.9719
9.975
9.9795
9.9849
9.9859
9.9901
9.9957
9.996
9.9981
10.001
10.005
10.01
10.012
10.016
10.017
10.02
10.025
10.026
10.029
10.032
10.033
10.038
10.044
10.045
10.05
10.052
10.056
10.057
10.059
10.061
10.065
10.066
10.07
10.076
10.078
10.078
10.08
10.082
10.086
10.089
10.092
10.094
10.096
10.099
10.102
10.105
10.108
10.11
10.113
10.115
10.119
10.124
10.127
10.13
10.131
10.133
10.136
10.139
10.14
10.143
10.147
10.149
10.149
10.15
10.154
10.156
10.157
10.161
10.164
10.166
10.169
10.171
10.174
10.176
10.177
10.18
10.183
10.188
10.19
10.193
10.197
10.2
10.2
10.203
10.208
10.208
10.208
10.214
10.216
10.22
10.22
10.222
10.228
10.229
10.232
10.232
10.235
10.24
10.244
10.245
10.247
10.251
10.255
10.256
10.259
10.261
10.262
10.266
10.267
10.269
10.271
10.272
10.276
10.279
10.281
10.284
10.287
10.29
10.293
10.293
10.297
10.298
10.301
10.304
10.306
10.308
10.313
10.314
10.316
10.319
10.32
10.323
10.325
10.33
10.335
10.337
10.34
10.342
10.343
10.343
10.348
10.348
10.353
10.355
10.36
10.361
10.364
10.365
10.367
10.369
10.371
10.373
10.378
10.382
10.383
10.386
10.388
10.393
10.395
10.397
10.4
10.402
10.405
10.408
10.409
10.411
10.412
10.414
10.417
10.42
10.423
10.425
10.426
10.427
10.43
10.438
10.44
10.442
10.444
10.446
10.449
10.451
10.454
10.457
10.459
10.464
10.465
10.467
10.469
10.47
10.472
10.474
10.477
10.481
10.487
10.489
10.491
10.494
10.496
10.499
10.501
10.504
10.505
10.511
10.514
10.515
10.518
10.52
10.522
10.526
10.527
10.531
10.534
10.536
10.538
10.541
10.543
10.546
10.549
10.55
10.555
10.555
10.557
10.562
10.567
10.569
10.573
10.574
10.575
10.58
10.583
10.587
10.59
10.593
10.595
10.597
10.598
10.601
10.606
10.607
10.608
10.611
10.614
10.618
10.62
10.621
10.626
10.63
10.632
10.633
10.636
10.638
10.645
10.648
10.649
10.651
10.653
10.657
10.659
10.663
10.665
10.671
10.672
10.674
10.677
10.678
10.683
10.685
10.688
10.692
10.693
10.694
10.696
10.699
10.702
10.704
10.708
10.71
10.716
10.719
10.72
10.724
10.726
10.727
10.73
10.734
10.738
10.739
10.742
10.745
10.747
10.749
10.752
10.756
10.759
10.76
10.763
10.765
10.768
10.772
10.776
10.778
10.781
10.782
10.786
10.787
10.789
10.791
10.794
10.798
10.799
10.802
10.805
10.805
10.809
10.813
10.814
10.818
10.823
10.825
10.827
10.829
10.831
10.834
10.835
10.837
10.841
10.842
10.846
10.847
10.852
10.858
10.86
10.864
10.866
10.868
10.869
10.873
10.876
10.879
10.88
10.884
10.886
10.887
10.89
10.894
10.894
10.895
10.897
10.9
10.901
10.904
10.908
10.913
10.914
10.916
10.92
10.923
10.924
10.927
10.93
10.932
10.937
10.939
10.94
10.943
10.945
10.948
10.952
10.956
10.958
10.961
10.964
10.966
10.969
10.971
10.975
10.976
10.978
10.982
10.983
10.986
10.987
10.991
10.992
10.996
10.997
10.999
11.002
11.004
11.007
11.011
11.014
11.015
11.017
11.019
11.022
11.024
11.027
11.029
11.034
11.037
11.044
11.045
11.047
11.05
11.053
11.054
11.055
11.059
11.065
11.066
11.069
11.072
11.073
11.076
11.081
11.081
11.083
11.087
11.088
11.09
11.094
11.098
11.099
11.103
11.105
11.108
11.111
11.114
11.116
11.117
11.119
11.123
11.128
11.13
11.131
11.133
11.135
11.136
11.137
11.14
11.142
11.145
11.151
11.152
11.153
11.156
11.159
11.163
11.167
11.168
11.171
11.174
11.175
11.18
11.183
11.186
11.188
11.191
11.193
11.197
11.199
11.203
11.204
11.209
11.209
11.212
11.215
11.22
11.222
11.224
11.228
11.231
11.233
11.234
11.236
11.24
11.243
11.245
11.25
11.253
11.256
11.258
11.261
11.261
11.264
11.267
11.271
11.274
11.277
11.28
11.282
11.284
11.288
11.291
11.292
11.297
11.299
11.299
11.302
11.308
11.311
11.312
11.316
11.32
11.322
11.325
11.326
11.327
11.331
11.333
11.335
11.34
11.341
11.343
11.347
11.348
11.35
11.354
11.356
11.359
11.36
11.363
11.366
11.368
11.373
11.375
11.377
11.378
11.382
11.384
11.389
11.391
11.394
11.398
11.4
11.405
11.407
11.41
11.412
11.413
11.415
11.418
11.421
11.426
11.427
11.432
11.433
11.436
11.437
11.44
11.443
11.444
11.448
11.449
11.455
11.462
11.464
11.465
11.466
11.467
11.469
11.471
11.475
11.478
11.482
11.484
11.485
11.488
11.489
11.494
11.495
11.498
11.501
11.503
11.506
11.506
11.509
11.513
11.517
11.519
11.52
11.523
11.525
11.527
11.533
11.536
11.539
11.541
11.546
11.548
11.55
11.553
11.556
11.558
11.56
11.564
11.564
11.569
11.571
11.573
11.576
11.579
11.581
11.582
11.586
11.587
11.588
11.59
11.593
11.596
11.597
11.599
11.604
11.608
11.608
11.611
11.613
11.617
11.619
11.619
11.622
11.624
11.629
11.632
11.633
11.636
11.637
11.639
11.642
11.647
11.652
11.654
11.655
11.657
11.66
11.662
11.665
11.666
11.668
11.67
11.673
11.675
11.678
11.681
11.683
11.683
11.688
11.689
11.692
11.693
11.698
11.701
11.705
11.706
11.708
11.71
11.711
11.713
11.715
11.72
11.721
11.724
11.725
11.727
11.728
11.732
11.734
11.737
11.741
11.744
11.746
11.748
11.748
11.751
11.752
11.755
11.756
11.76
11.762
11.767
11.769
11.771
11.773
11.773
11.778
11.781
11.783
11.785
11.786
11.788
11.789
11.791
11.794
11.794
11.798
11.8
11.801
11.804
11.808
11.811
11.813
11.816
11.819
11.822
11.825
11.825
11.827
11.828
11.831
11.832
11.834
11.837
11.838
11.841
11.843
11.845
11.847
11.849
11.852
11.856
11.858
11.86
11.86
11.862
11.864
11.866
11.872
11.874
11.875
11.876
11.881
11.883
11.885
11.887
11.889
11.893
11.894
11.894
11.899
11.9
11.903
11.904
11.906
11.908
11.913
11.915
11.915
11.919
11.921
11.924
11.925
11.928
11.929
11.931
11.932
11.935
11.937
11.939
11.942
11.943
11.946
11.949
11.952
11.953
11.955
11.958
11.96
11.961
11.964
11.965
11.968
11.971
11.973
11.976
11.98
11.98
11.981
11.982
11.984
11.984
11.987
11.991
11.992
11.993
11.996
12.001
12.003
12.005
12.006
12.008
12.009
12.01
12.014
12.015
12.016
12.018
12.021
12.026
12.026
12.027
12.03
12.03
12.034
12.038
12.04
12.042
12.044
12.045
12.05
12.052
12.053
12.057
12.058
12.062
12.065
12.067
12.068
12.07
12.071
12.072
12.075
12.077
12.081
12.082
12.086
12.088
12.09
12.09
12.093
12.094
12.096
12.098
12.1
12.1
12.103
12.105
12.108
12.11
12.111
12.112
12.115
12.116
12.119
12.122
12.123
12.126
12.129
12.13
12.133
12.136
12.139
12.14
12.142
12.142
12.146
12.148
12.152
12.154
12.155
12.157
12.159
12.161
12.162
12.164
12.166
12.168
12.168
12.17
12.171
12.175
12.176
12.179
12.18
12.183
12.185
12.186
12.19
12.191
12.192
12.196
12.199
12.202
12.203
12.204
12.206
12.208
12.211
12.213
12.216
12.218
12.222
12.223
12.225
12.225
12.229
12.23
12.233
12.237
12.238
12.24
12.241
12.244
12.246
12.247
12.25
12.253
12.254
12.258
12.261
12.262
12.264
12.265
12.267
12.267
12.27
12.275
12.276
12.278
12.279
12.281
12.283
12.284
12.285
12.286
12.289
12.293
12.295
12.296
12.298
12.301
12.303
12.307
12.308
12.31
12.314
12.315
12.317
12.318
12.319
12.322
12.323
12.327
12.329
12.33
12.332
12.334
12.337
12.338
12.34
12.342
12.345
12.346
12.348
12.35
12.353
12.354
12.356
12.358
12.36
12.361
12.366
12.366
12.368
12.373
12.376
12.379
12.381
12.383
12.385
12.386
12.387
12.39
12.392
12.393
12.396
12.399
12.399
12.402
12.405
12.406
12.408
12.409
12.412
12.414
12.415
12.418
12.419
12.423
12.426
12.427
12.428
12.429
12.435
12.437
12.437
12.44
12.44
12.441
12.446
12.448
12.452
12.453
12.456
12.457
12.461
12.463
12.464
12.464
12.468
12.472
12.474
12.475
12.477
12.48
12.482
12.485
12.488
12.49
12.493
12.494
12.496
12.497
12.5
12.502
12.503
12.506
12.507
12.509
12.512
12.514
12.515
12.516
12.518
12.521
12.524
12.527
12.529
12.529
12.531
12.534
12.536
12.539
12.539
12.54
12.545
12.546
12.548
12.552
12.552
12.555
12.557
12.559
12.563
12.566
12.566
12.57
12.571
12.571
12.572
12.576
12.578
12.58
12.585
12.586
12.588
12.589
12.592
12.593
12.593
12.598
12.599
12.602
12.604
12.606
12.608
12.609
12.616
12.616
12.617
12.618
12.622
12.623
12.626
12.63
12.633
12.634
12.637
12.638
12.64
12.642
12.645
12.646
12.648
12.649
12.652
12.657
12.66
12.662
12.665
12.665
12.668
12.67
12.673
12.677
12.678
12.68
12.681
12.682
12.683
12.687
12.69
12.69
12.692
12.696
12.697
12.701
12.702
12.704
12.707
12.708
12.71
12.712
12.713
12.716
12.719
12.721
12.723
12.724
12.725
12.73
12.733
12.733
12.737
12.739
12.74
12.742
12.744
12.745
12.75
12.75
12.751
12.754
12.756
12.759
12.762
12.764
12.768
12.77
12.773
12.774
12.777
12.78
12.78
12.782
12.785
12.788
12.79
12.792
12.796
12.797
12.799
12.803
12.803
12.807
12.808
12.81
12.81
12.815
12.818
12.82
12.822
12.824
12.826
12.828
12.83
12.833
12.837
12.839
12.841
12.842
12.845
12.847
12.848
12.85
12.853
12.856
12.857
12.858
12.862
12.866
12.868
12.87
12.873
12.878
12.88
12.88
12.883
12.885
12.888
12.889
12.892
12.894
12.895
12.897
12.9
12.902
12.903
12.905
12.908
12.909
12.912
12.914
12.917
12.92
12.921
12.922
12.926
12.928
12.928
12.931
12.934
12.937
12.939
12.943
12.945
12.947
12.947
12.949
12.952
12.956
12.957
12.959
12.961
12.964
12.966
12.968
12.969
12.971
12.974
12.976
12.981
12.983
12.985
12.987
12.989
12.992
12.996
12.999
13
13.001
13.002
13.006
13.007
13.009
13.014
13.014
13.016
13.018
13.022
13.025
13.025
13.029
13.03
13.032
13.034
13.037
13.04
13.042
13.045
13.047
13.048
13.051
13.053
13.053
13.059
13.059
13.063
13.068
13.069
13.072
13.076
13.077
13.077
13.08
13.082
13.083
13.087
13.09
13.09
13.092
13.095
13.097
13.1
13.1
13.103
13.105
13.108
13.11
13.113
13.118
13.12
13.121
13.122
13.125
13.128
13.13
13.132
13.133
13.135
13.136
13.139
13.14
13.145
13.146
13.151
13.152
13.154
13.156
13.159
13.16
13.162
13.165
13.166
13.167
13.169
13.174
13.175
13.176
13.18
13.183
13.185
13.186
13.187
13.19
13.19
13.192
13.193
13.201
13.202
13.205
13.207
13.207
13.209
13.211
13.215
13.218
13.219
13.22
13.225
13.226
13.227
13.231
13.232
13.233
13.235
13.238
13.24
13.243
13.245
13.248
13.253
13.254
13.255
13.26
13.261
13.264
13.266
13.269
13.27
13.272
13.274
13.277
13.279
13.281
13.282
13.287
13.288
13.289
13.292
13.294
13.295
13.3
13.3
13.301
13.305
13.306
13.312
13.312
13.315
13.319
13.321
13.322
13.323
13.326
13.329
13.33
13.332
13.336
13.338
13.341
13.343
13.346
13.348
13.349
13.351
13.352
13.356
13.359
13.362
13.363
13.369
13.369
13.372
13.372
13.373
13.377
13.378
13.384
13.385
13.386
13.388
13.39
13.393
13.395
13.397
13.399
13.4
13.404
13.406
13.41
13.412
13.414
13.414
13.418
13.422
13.424
13.425
13.426
13.427
13.431
13.434
13.436
13.437
13.44
13.443
13.444
13.447
13.449
13.45
13.453
13.454
13.456
13.46
13.461
13.466
13.467
13.469
13.471
13.474
13.478
13.479
13.48
13.481
13.482
13.484
13.487
13.489
13.491
13.492
13.493
13.496
13.499
13.503
13.503
13.507
13.51
13.514
13.515
13.517
13.519
13.52
13.522
13.524
13.529
13.53
13.533
13.536
13.537
13.539
13.541
13.544
13.548
13.552
13.554
13.555
13.557
13.559
13.56
13.563
13.565
13.567
13.569
13.57
13.571
13.574
13.577
13.579
13.581
13.581
13.584
13.585
13.591
13.593
13.595
13.596
13.599
13.601
13.602
13.603
13.606
13.608
13.611
13.613
13.616
13.617
13.623
13.624
13.626
13.628
13.631
13.632
13.636
13.637
13.639
13.643
13.645
13.645
13.65
13.653
13.654
13.655
13.658
13.659
13.66
13.663
13.665
13.669
13.67
13.672
13.674
13.676
13.676
13.679
13.681
13.683
13.688
13.69
13.691
13.693
13.695
13.697
13.701
13.703
13.704
13.705
13.707
13.709
13.711
13.713
13.718
13.72
13.72
13.724
13.726
13.727
13.731
13.735
13.736
13.738
13.74
13.741
13.745
13.747
13.749
13.752
13.754
13.756
13.758
13.761
13.763
13.765
13.767
13.771
13.773
13.777
13.778
13.78
13.782
13.783
13.785
13.789
13.79
13.793
13.794
13.797
13.798
13.802
13.803
13.804
13.805
13.806
13.81
13.811
13.814
13.815
13.818
13.819
13.821
13.822
13.825
13.826
13.829
13.833
13.836
13.838
13.841
13.841
13.842
13.847
13.849
13.851
13.855
13.856
13.859
13.862
13.864
13.864
13.867
13.868
13.87
13.872
13.874
13.876
13.878
13.881
13.882
13.885
13.887
13.89
13.891
13.893
13.897
13.898
13.9
13.905
13.906
13.908
13.911
13.913
13.915
13.917
13.918
13.922
13.923
13.925
13.926
13.93
13.931
13.932
13.934
13.938
13.94
13.943
13.945
13.95
13.951
13.954
13.955
13.957
13.959
13.961
13.962
13.965
13.966
13.968
13.97
13.975
13.975
13.977
13.98
13.983
13.984
13.986
13.989
13.991
13.992
13.996
13.998
14
14
14.001
14.003
14.005
14.009
14.011
14.014
14.016
14.018
14.02
14.021
14.023
14.024
14.026
14.03
14.031
14.034
14.035
14.039
14.039
14.045
14.047
14.048
14.052
14.053
14.056
14.057
14.058
14.06
14.063
14.064
14.065
14.067
14.069
14.072
14.074
14.074
14.077
14.079
14.081
14.083
14.087
14.088
14.09
14.091
14.094
14.095
14.098
14.102
14.104
14.105
14.108
14.111
14.113
14.114
14.115
14.118
14.119
14.122
14.125
14.127
14.129
14.133
14.134
14.136
14.139
14.14
14.141
14.144
14.149
14.151
14.152
14.154
14.156
14.159
14.159
14.16
14.162
14.164
14.166
14.171
14.172
14.175
14.176
14.178
14.181
14.183
14.187
14.188
14.19
14.191
14.194
14.199
14.2
14.202
14.203
14.205
14.206
14.208
14.213
14.215
14.216
14.218
14.22
14.221
14.223
14.225
14.229
14.232
14.234
14.235
14.236
14.238
14.24
14.243
14.246
14.247
14.248
14.25
14.253
14.256
14.258
14.26
14.261
14.263
14.263
14.267
14.27
14.272
14.275
14.278
14.28
14.282
14.286
14.287
14.288
14.289
14.291
14.293
14.293
14.298
14.299
14.299
14.304
14.305
14.308
14.309
14.311
14.313
14.317
14.318
14.322
14.325
14.327
14.329
14.33
14.334
14.336
14.337
14.339
14.34
14.344
14.346
14.35
14.353
14.357
14.358
14.359
14.361
14.365
14.366
14.369
14.369
14.372
14.373
14.374
14.376
14.378
14.38
14.383
14.384
14.386
14.39
14.393
14.394
14.395
14.398
14.401
14.403
14.404
14.405
14.408
14.411
14.414
14.415
14.417
14.419
14.42
14.424
14.428
14.43
14.431
14.434
14.436
14.437
14.438
14.442
14.445
14.445
14.447
14.448
14.45
14.454
14.459
14.46
14.463
14.465
14.467
14.469
14.47
14.47
14.473
14.477
14.478
14.482
14.485
14.487
14.488
14.489
14.494
14.494
14.499
14.5
14.501
14.504
14.507
14.508
14.509
14.512
14.513
14.517
14.519
14.52
14.522
14.524
14.526
14.528
14.529
14.531
14.533
14.534
14.538
14.538
14.541
14.543
14.545
14.547
14.549
14.552
14.556
14.559
14.56
14.561
14.565
14.566
14.568
14.572
14.574
14.577
14.578
14.58
14.581
14.584
14.586
14.588
14.59
14.591
14.594
14.596
14.599
14.601
14.603
14.606
14.61
14.611
14.613
14.617
14.618
14.619
14.622
14.624
14.626
14.627
14.631
14.632
14.634
14.636
14.638
14.639
14.643
14.644
14.647
14.649
14.651
14.654
14.655
14.659
14.662
14.664
14.667
14.668
14.672
14.677
14.678
14.68
14.681
14.682
14.685
14.687
14.688
14.69
14.692
14.697
14.698
14.7
14.702
14.704
14.705
14.708
14.711
14.712
14.714
14.716
14.718
14.721
14.722
14.724
14.725
14.727
14.729
14.732
14.735
14.737
14.737
14.74
14.743
14.745
14.748
14.752
14.753
14.756
14.757
14.758
14.759
14.763
14.766
14.767
14.769
14.773
14.774
14.777
14.778
14.78
14.783
14.785
14.786
14.79
14.793
14.797
14.8
14.801
14.804
14.805
14.807
14.808
14.81
14.813
14.815
14.817
14.82
14.822
14.825
14.827
14.828
14.829
14.832
14.833
14.837
14.838
14.839
14.842
14.844
14.847
14.851
14.853
14.853
14.858
14.86
14.864
14.864
14.866
14.87
14.871
14.872
14.875
14.881
14.881
14.883
14.884
14.887
14.892
14.895
14.896
14.898
14.899
14.901
14.903
14.905
14.908
14.911
14.912
14.914
14.917
14.919
14.924
14.925
14.927
14.928
14.929
14.933
14.933
14.934
14.939
14.941
14.943
14.946
14.948
14.951
14.954
14.956
14.958
14.96
14.961
14.964
14.967
14.968
14.971
14.972
14.976
14.977
14.979
14.981
14.984
14.986
14.989
14.992
14.995
14.997
15
15.001
15.003
15.006
15.008
15.009
15.012
15.014
15.016
15.019
15.025
15.026
15.027
15.029
15.03
15.033
15.035
15.037
15.037
15.039
15.04
15.043
15.047
15.051
15.054
15.056
15.058
15.06
15.062
15.066
15.067
15.069
15.07
15.074
15.075
15.079
15.082
15.083
15.085
15.087
15.091
15.092
15.095
15.098
15.1
15.101
15.105
15.107
15.109
15.111
15.112
15.114
15.118
15.121
15.121
15.124
15.128
15.128
15.132
15.133
15.136
15.138
15.142
15.144
15.145
15.15
15.152
15.154
15.156
15.158
15.159
15.162
15.163
15.165
15.166
15.167
15.171
15.173
15.176
15.178
15.181
15.182
15.186
15.188
15.19
15.193
15.193
15.198
15.202
15.203
15.206
15.206
15.208
15.213
15.213
15.214
15.218
15.221
15.222
15.224
15.226
15.228
15.23
15.233
15.235
15.236
15.238
15.239
15.243
15.246
15.249
15.25
15.254
15.256
15.257
15.26
15.262
15.264
15.266
15.267
15.269
15.272
15.277
15.278
15.28
15.283
15.286
15.288
15.29
15.29
15.294
15.298
15.3
15.304
15.304
15.305
15.306
15.311
15.312
15.315
15.318
15.321
15.322
15.326
15.329
15.33
15.334
15.336
15.336
15.34
15.342
15.345
15.347
15.349
15.351
15.354
15.356
15.359
15.362
15.364
15.367
15.368
15.37
15.37
15.374
15.376
15.38
15.382
15.384
15.385
15.388
15.389
15.393
15.396
15.397
15.4
15.403
15.405
15.406
15.408
15.408
15.412
15.412
15.419
15.422
15.424
15.427
15.429
15.431
15.433
15.436
15.437
15.441
15.443
15.445
15.448
15.452
15.453
15.455
15.457
15.458
15.46
15.464
15.466
15.469
15.47
15.474
15.478
15.48
15.483
15.484
15.485
15.488
15.492
15.496
15.496
15.499
15.502
15.502
15.505
15.508
15.508
15.512
15.514
15.517
15.519
15.521
15.525
15.526
15.528
15.53
15.534
15.535
15.538
15.541
15.543
15.545
15.55
15.551
15.553
15.554
15.557
15.558
15.561
15.565
15.567
15.569
15.572
15.574
15.578
15.578
15.583
15.583
15.586
15.588
15.592
15.595
15.596
15.599
15.601
15.603
15.604
15.609
15.611
15.611
15.615
15.616
15.62
15.623
15.627
15.628
15.63
15.634
15.634
15.639
15.64
15.642
15.643
15.644
15.648
15.65
15.651
15.653
15.655
15.658
15.661
15.662
15.664
15.666
15.669
15.671
15.674
15.678
15.679
15.682
15.684
15.687
15.691
15.691
15.694
15.696
15.697
15.7
15.703
15.705
15.706
15.71
15.712
15.715
15.716
15.718
15.72
15.723
15.726
15.728
15.731
15.733
15.734
15.737
15.741
15.743
15.744
15.746
15.749
15.751
15.752
15.754
15.758
15.76
15.762
15.763
15.767
15.769
15.77
15.777
15.777
15.779
15.783
15.784
15.785
15.788
15.789
15.794
15.797
15.797
15.801
15.804
15.807
15.81
15.812
15.814
15.817
15.819
15.82
15.823
15.824
15.827
15.83
15.832
15.835
15.837
15.839
15.842
15.845
15.847
15.85
15.852
15.855
15.856
15.86
15.863
15.864
15.867
15.871
15.871
15.873
15.876
15.878
15.879
15.884
15.887
15.89
15.893
15.895
15.899
15.9
15.902
15.906
15.906
15.907
15.909
15.911
15.915
15.917
15.92
15.921
15.923
15.924
15.926
15.93
15.931
15.936
15.936
15.939
15.942
15.946
15.947
15.947
15.951
15.953
15.953
15.958
15.96
15.963
15.965
15.965
15.969
15.973
15.974
15.975
15.98
15.98
15.981
15.986
15.988
15.989
15.992
15.994
15.998
16.002
16.004
16.005
16.006
16.01
16.012
16.013
16.015
16.019
16.02
16.023
16.026
16.028
16.031
16.032
16.033
16.035
16.038
16.041
16.043
16.045
16.047
16.049
16.05
16.053
16.056
16.059
16.061
16.062
16.065
16.067
16.072
16.076
16.077
16.078
16.081
16.084
16.086
16.091
16.092
16.094
16.096
16.099
16.102
16.104
16.109
16.112
16.113
16.116
16.117
16.12
16.122
16.124
16.127
16.129
16.131
16.132
16.135
16.136
16.138
16.141
16.142
16.143
16.149
16.149
16.155
16.159
16.159
16.162
16.165
16.167
16.168
16.173
16.174
16.176
16.177
16.183
16.185
16.188
16.189
16.19
16.194
16.195
16.197
16.199
16.2
16.202
16.203
16.209
16.21
16.213
16.214
16.217
16.22
16.222
16.226
16.227
16.23
16.231
16.233
16.236
16.238
16.241
16.245
16.248
16.248
16.251
16.255
16.256
16.259
16.261
16.262
16.271
16.274
16.275
16.279
16.28
16.282
16.286
16.286
16.288
16.289
16.292
16.297
16.298
16.3
16.301
16.303
16.304
16.311
16.312
16.315
16.317
16.318
16.321
16.324
16.327
16.33
16.332
16.332
16.335
16.34
16.341
16.344
16.345
16.349
16.351
16.355
16.356
16.358
16.36
16.361
16.362
16.37
16.371
16.374
16.376
16.38
16.382
16.385
16.387
16.392
16.394
16.395
16.397
16.399
16.402
16.406
16.407
16.41
16.41
16.414
16.416
16.419
16.422
16.424
16.427
16.429
16.43
16.432
16.435
16.437
16.44
16.442
16.445
16.449
16.451
16.454
16.455
16.457
16.459
16.464
16.465
16.467
16.47
16.472
16.474
16.477
16.478
16.482
16.482
16.488
16.49
16.492
16.497
16.498
16.499
16.502
16.504
16.506
16.51
16.513
16.516
16.517
16.519
16.524
16.526
16.528
16.53
16.533
16.534
16.535
16.537
16.54
16.543
16.546
16.55
16.553
16.556
16.556
16.56
16.564
16.564
16.568
16.57
16.571
16.573
16.577
16.578
16.582
16.584
16.586
16.588
16.591
16.592
16.593
16.599
16.6
16.6
16.606
16.61
16.613
16.618
16.619
16.62
16.621
16.628
16.629
16.63
16.634
16.635
16.638
16.642
16.642
16.644
16.65
16.65
16.652
16.655
16.658
16.66
16.664
16.667
16.669
16.673
16.674
16.676
16.679
16.683
16.686
16.687
16.691
16.692
16.696
16.699
16.702
16.703
16.706
16.708
16.711
16.713
16.717
16.718
16.723
16.724
16.726
16.728
16.731
16.734
16.739
16.739
16.74
16.745
16.748
16.75
16.752
16.756
16.757
16.761
16.761
16.763
16.767
16.769
16.775
16.777
16.779
16.781
16.784
16.785
16.787
16.788
16.792
16.794
16.797
16.798
16.803
16.806
16.807
16.809
16.81
16.811
16.813
16.816
16.817
16.824
16.825
16.827
16.829
16.834
16.837
16.839
16.843
16.846
16.848
16.849
16.852
16.854
16.857
16.859
16.862
16.867
16.868
16.871
16.874
16.876
16.877
16.88
16.88
16.885
16.886
16.891
16.893
16.895
16.897
16.902
16.903
16.905
16.909
16.912
16.914
16.916
16.919
16.921
16.923
16.925
16.927
16.929
16.933
16.937
16.941
16.943
16.947
16.949
16.95
16.953
16.955
16.961
16.961
16.964
16.966
16.97
16.971
16.974
16.976
16.979
16.983
16.985
16.988
16.989
16.991
16.993
16.996
16.997
17.001
17.003
17.005
17.011
17.013
17.015
17.016
17.02
17.021
17.028
17.029
17.032
17.033
17.035
17.04
17.041
17.043
17.046
17.047
17.052
17.053
17.058
17.058
17.061
17.064
17.066
17.068
17.07
17.074
17.075
17.078
17.082
17.084
17.088
17.089
17.091
17.092
17.094
17.097
17.101
17.103
17.107
17.111
17.112
17.116
17.118
17.12
17.125
17.13
17.13
17.135
17.136
17.138
17.143
17.146
17.147
17.147
17.149
17.156
17.159
17.16
17.163
17.163
17.165
17.168
17.172
17.173
17.174
17.178
17.179
17.185
17.188
17.191
17.193
17.194
17.197
17.201
17.203
17.204
17.208
17.211
17.211
17.214
17.217
17.221
17.223
17.225
17.228
17.233
17.235
17.241
17.243
17.245
17.248
17.251
17.256
17.257
17.259
17.264
17.267
17.271
17.273
17.276
17.276
17.28
17.283
17.286
17.287
17.294
17.296
17.297
17.298
17.305
17.306
17.309
17.313
17.314
17.319
17.321
17.323
17.328
17.33
17.332
17.335
17.338
17.341
17.342
17.345
17.35
17.356
17.359
17.362
17.363
17.367
17.37
17.376
17.378
17.381
17.381
17.384
17.388
17.389
17.395
17.401
17.404
17.406
17.406
17.408
17.409
17.417
17.419
17.421
17.422
17.427
17.428
17.434
17.435
17.438
17.441
17.445
17.448
17.45
17.451
17.457
17.461
17.464
17.468
17.47
17.472
17.473
17.479
17.48
17.485
17.486
17.488
17.495
17.497
17.5
17.502
17.505
17.507
17.512
17.518
17.519
17.521
17.524
17.527
17.53
17.535
17.538
17.543
17.545
17.549
17.552
17.555
17.56
17.56
17.564
17.567
17.569
17.572
17.576
17.579
17.583
17.585
17.589
17.591
17.592
17.595
17.599
17.6
17.607
17.612
17.613
17.617
17.62
17.625
17.626
17.63
17.632
17.635
17.64
17.642
17.644
17.648
17.652
17.652
17.658
17.66
17.662
17.666
17.667
17.669
17.677
17.681
17.682
17.689
17.691
17.694
17.698
17.702
17.705
17.707
17.711
17.716
17.72
17.724
17.728
17.73
17.737
17.739
17.741
17.745
17.747
17.748
17.754
17.757
17.762
17.763
17.767
17.77
17.777
17.778
17.781
17.785
17.788
17.789
17.79
17.793
17.799
17.804
17.807
17.813
17.816
17.817
17.821
17.823
17.826
17.832
17.836
17.839
17.844
17.846
17.849
17.854
17.856
17.864
17.865
17.867
17.872
17.873
17.875
17.879
17.881
17.885
17.888
17.893
17.895
17.901
17.902
17.907
17.911
17.915
17.92
17.923
17.924
17.927
17.93
17.933
17.936
17.94
17.941
17.944
17.949
17.954
17.957
17.962
17.965
17.968
17.971
17.974
17.979
17.981
17.983
17.99
17.994
17.997
18
18.005
18.006
18.009
18.012
18.017
18.02
18.023
18.025
18.026
18.03
18.035
18.039
18.045
18.048
18.049
18.053
18.054
18.058
18.059
18.064
18.067
18.069
18.078
18.08
18.083
18.085
18.089
18.093
18.094
18.099
18.1
18.104
18.11
18.111
18.113
18.118
18.123
18.126
18.128
18.13
18.135
18.138
18.143
18.145
18.149
18.152
18.159
18.162
18.166
18.169
18.173
18.175
18.178
18.181
18.185
18.19
18.191
18.198
18.199
18.202
18.207
18.207
18.21
18.216
18.218
18.222
18.226
18.229
18.233
18.236
18.238
18.243
18.245
18.251
18.255
18.259
18.263
18.265
18.265
18.267
18.273
18.275
18.282
18.287
18.288
18.291
18.296
18.297
18.3
18.307
18.311
18.315
18.319
18.32
18.325
18.326
18.328
18.334
18.335
18.341
18.343
18.345
18.35
18.353
18.357
18.359
18.362
18.366
18.37
18.373
18.376
18.378
18.381
18.386
18.389
18.392
18.394
18.396
18.401
18.406
18.41
18.414
18.414
18.418
18.422
18.424
18.434
18.437
18.439
18.441
18.444
18.45
18.452
18.457
18.459
18.465
18.467
18.471
18.472
18.476
18.48
18.483
18.484
18.489
18.493
18.494
18.5
18.502
18.507
18.51
18.513
18.518
18.52
18.522
18.529
18.531
18.535
18.539
18.541
18.542
18.548
18.55
18.551
18.552
18.558
18.566
18.568
18.571
18.572
18.577
18.584
18.586
18.589
18.59
18.593
18.595
18.601
18.607
18.611
18.614
18.617
18.618
18.629
18.63
18.631
18.636
18.637
18.643
18.645
18.649
18.655
18.657
18.659
18.662
18.665
18.669
18.67
18.672
18.677
18.682
18.685
18.688
18.692
18.694
18.698
18.702
18.704
18.709
18.711
18.714
18.72
18.721
18.724
18.727
18.73
18.731
18.74
18.743
18.744
18.745
18.754
18.756
18.759
18.762
18.765
18.77
18.772
18.778
18.779
18.784
18.789
18.792
18.795
18.797
18.8
18.805
18.805
18.81
18.818
18.822
18.823
18.826
18.83
18.832
18.834
18.84
18.841
18.843
18.85
18.851
18.857
18.858
18.863
18.866
18.868
18.869
18.873
18.879
18.88
18.884
18.888
18.891
18.894
18.9
18.903
18.906
18.907
18.911
18.915
18.919
18.926
18.927
18.929
18.933
18.936
18.941
18.943
18.949
18.951
18.952
18.956
18.96
18.96
18.963
18.966
18.969
18.97
18.979
18.98
18.987
18.988
18.994
18.997
18.998
19.005
19.008
19.01
19.013
19.017
19.021
19.024
19.027
19.031
19.035
19.038
19.042
19.045
19.048
19.05
19.054
19.055
19.058
19.06
19.064
19.067
19.075
19.077
19.08
19.08
19.086
19.09
19.095
19.097
19.099
19.101
19.106
19.11
19.115
19.116
19.119
19.121
19.124
19.127
19.131
19.134
19.138
19.143
19.144
19.145
19.153
19.159
19.159
19.163
19.166
19.17
19.172
19.174
19.181
19.186
19.188
19.191
19.196
19.198
19.201
19.203
19.21
19.213
19.215
19.219
19.222
19.225
19.228
19.233
19.235
19.239
19.247
19.249
19.249
19.252
19.257
19.259
19.263
19.27
19.273
19.273
19.276
19.279
19.286
19.288
19.291
19.293
19.298
19.302
19.303
19.305
19.31
19.312
19.319
19.32
19.322
19.325
19.33
19.331
19.336
19.337
19.345
19.351
19.354
19.357
19.36
19.364
19.367
19.371
19.373
19.376
19.38
19.384
19.387
19.392
19.396
19.398
19.406
19.407
19.411
19.415
19.416
19.42
19.423
19.426
19.429
19.431
19.434
19.436
19.439
19.443
19.449
19.452
19.457
19.461
19.464
19.467
19.471
19.474
19.482
19.484
19.485
19.492
19.494
19.497
19.501
19.503
19.507
19.512
19.514
19.516
19.524
19.529
19.532
19.534
19.539
19.543
19.544
19.548
19.55
19.554
19.56
19.562
19.565
19.57
19.576
19.577
19.58
19.581
19.583
19.589
19.592
19.597
19.598
19.604
19.607
19.608
19.611
19.614
19.617
19.624
19.631
19.633
19.635
19.637
19.639
19.641
19.647
19.651
19.652
19.657
19.662
19.664
19.671
19.674
19.676
19.681
19.684
19.685
19.692
19.694
19.697
19.699
19.704
19.713
19.716
19.72
19.724
19.73
19.733
19.734
19.739
19.739
19.745
19.75
19.752
19.757
19.761
19.763
19.766
19.771
19.779
19.781
19.784
19.786
19.791
19.793
19.8
19.803
19.806
19.808
19.815
19.822
19.825
19.83
19.832
19.834
19.836
19.84
19.842
19.848
19.853
19.856
19.859
19.861
19.863
19.874
19.876
19.878
19.882
19.884
19.886
19.891
19.895
19.896
19.902
19.905
19.91
19.91
19.916
19.918
19.925
19.926
19.933
19.934
19.939
19.943
19.947
19.949
19.951
19.954
19.962
19.964
19.968
19.973
19.977
19.98
19.984
19.989
19.992
19.997
20.001
20.007
20.011
20.013
20.021
20.023
20.024
20.028
20.034
20.038
20.041
20.045
20.049
20.053
20.054
20.06
20.061
20.065
20.067
20.071
20.077
20.08
20.083
20.089
20.09
20.092
20.094
20.1
20.105
20.111
20.113
20.117
20.118
20.124
20.131
20.132
20.134
20.14
20.143
20.147
20.152
20.155
20.157
20.16
20.166
20.168
20.174
20.175
20.183
20.184
20.189
20.194
20.197
20.202
20.204
20.209
20.212
20.216
20.219
20.225
20.227
20.23
20.233
20.234
20.241
20.247
20.25
20.255
20.259
20.264
20.267
20.273
20.273
20.276
20.279
20.284
20.286
20.288
20.294
20.296
20.296
20.302
20.306
20.309
20.312
20.319
20.321
20.325
20.332
20.34
20.342
20.347
20.352
20.355
20.356
20.358
20.36
20.362
20.367
20.374
20.375
20.377
20.381
20.388
20.39
20.393
20.395
20.402
20.404
20.405
20.41
20.414
20.415
20.417
20.428
20.43
20.433
20.438
20.443
20.447
20.45
20.456
20.459
20.463
20.47
20.473
20.477
20.478
20.481
20.483
20.485
20.491
20.495
20.499
20.502
20.507
20.512
20.516
20.52
20.526
20.527
20.532
20.534
20.543
20.544
20.545
20.55
20.552
20.556
20.558
20.562
20.567
20.569
20.574
20.579
20.585
20.588
20.589
20.593
20.597
20.601
20.606
20.609
20.611
20.619
20.619
20.623
20.625
20.629
20.633
20.641
20.643
20.647
20.651
20.654
20.655
20.657
20.66
20.665
20.668
20.676
20.68
20.682
20.685
20.687
20.693
20.698
20.7
20.701
20.707
20.71
20.716
20.72
20.722
20.726
20.731
20.733
20.739
20.744
20.748
20.751
20.756
20.759
20.762
20.767
20.771
20.774
20.777
20.777
20.783
20.788
20.79
20.795
20.797
20.804
20.809
20.813
20.817
20.818
20.824
20.828
20.831
20.835
20.837
20.841
20.846
20.847
20.848
20.853
20.857
20.859
20.863
20.867
20.871
20.874
20.878
20.881
20.882
20.887
20.89
20.892
20.898
20.901
20.907
20.907
20.909
20.917
20.919
20.923
20.925
20.928
20.932
20.934
20.938
20.943
20.948
20.949
20.955
20.958
20.961
20.964
20.971
20.976
20.978
20.981
20.984
20.988
20.993
20.994
20.998
21.001
21.005
21.009
21.012
21.013
21.015
21.023
21.027
21.027
21.034
21.034
21.035
21.042
21.048
21.051
21.056
21.057
21.059
21.062
21.067
21.07
21.076
21.08
21.084
21.088
21.091
21.093
21.095
21.101
21.105
21.108
21.11
21.114
21.116
21.118
21.125
21.126
21.13
21.132
21.139
21.14
21.144
21.146
21.154
21.155
21.161
21.164
21.168
21.17
21.179
21.181
21.184
21.186
21.192
21.194
21.194
21.201
21.203
21.207
21.207
21.212
21.214
21.218
21.22
21.221
21.226
21.231
21.233
21.238
21.243
21.246
21.249
21.255
21.257
21.26
21.263
21.265
21.27
21.274
21.28
21.282
21.285
21.291
21.293
21.297
21.3
21.304
21.307
21.312
21.315
21.317
21.325
21.328
21.33
21.335
21.336
21.34
21.341
21.342
21.349
21.35
21.354
21.361
21.365
21.368
21.369
21.373
21.377
21.378
21.381
21.384
21.39
21.392
21.398
21.399
21.402
21.405
21.406
21.41
21.413
21.417
21.421
21.426
21.433
21.435
21.437
21.441
21.447
21.45
21.453
21.456
21.459
21.46
21.465
21.47
21.471
21.474
21.475
21.48
21.481
21.484
21.49
21.492
21.496
21.502
21.508
21.51
21.511
21.513
21.518
21.519
21.527
21.53
21.532
21.535
21.544
21.546
21.549
21.551
21.554
21.557
21.558
21.567
21.568
21.57
21.572
21.575
21.58
21.583
21.586
21.59
21.593
21.595
21.6
21.603
21.609
21.612
21.614
21.615
21.621
21.623
21.627
21.629
21.634
21.637
21.641
21.643
21.648
21.654
21.66
21.661
21.664
21.67
21.672
21.679
21.682
21.682
21.687
21.688
21.692
21.695
21.697
21.699
21.7
21.706
21.71
21.714
21.72
21.723
21.726
21.728
21.731
21.734
21.737
21.739
21.739
21.743
21.749
21.755
21.757
21.76
21.762
21.765
21.768
21.771
21.778
21.781
21.783
21.786
21.789
21.792
21.797
21.8
21.804
21.807
21.81
21.813
21.817
21.82
21.821
21.825
21.825
21.832
21.833
21.843
21.844
21.847
21.851
21.853
21.857
21.863
21.864
21.869
21.871
21.873
21.874
21.878
21.881
21.887
21.891
21.894
21.9
21.902
21.906
21.911
21.911
21.917
21.919
21.921
21.925
21.928
21.93
21.933
21.937
21.94
21.944
21.95
21.952
21.956
21.957
21.959
21.961
21.966
21.967
21.971
21.98
21.983
21.984
21.985
21.994
21.995
21.997
22.001
22.007
22.01
22.011
22.017
22.019
22.023
22.025
22.032
22.033
22.034
22.043
22.044
22.048
22.05
22.052
22.054
22.056
22.061
22.064
22.067
22.068
22.071
22.074
22.08
22.081
22.087
22.088
22.089
22.096
22.097
22.102
22.107
22.108
22.112
22.115
22.117
22.122
22.126
22.131
22.133
22.135
22.136
22.14
22.144
22.146
22.152
22.154
22.157
22.163
22.164
22.167
22.169
22.171
22.174
22.18
22.18
22.186
22.187
22.189
22.192
22.193
22.197
22.2
22.204
22.209
22.212
22.22
22.221
22.227
22.229
22.233
22.237
22.239
22.242
22.243
22.247
22.249
22.253
22.255
22.257
22.262
22.265
22.268
22.27
22.274
22.276
22.279
22.281
22.285
22.29
22.293
22.294
22.299
22.301
22.303
22.307
22.312
22.317
22.32
22.324
22.325
22.331
22.333
22.337
22.34
22.343
22.345
22.349
22.351
22.353
22.356
22.361
22.362
22.365
22.371
22.372
22.377
22.378
22.381
22.386
22.388
22.393
22.394
22.4
22.403
22.403
22.408
22.409
22.413
22.415
22.416
22.421
22.426
22.429
22.432
22.437
22.439
22.442
22.444
22.449
22.45
22.454
22.457
22.459
22.464
22.465
22.468
22.472
22.474
22.478
22.481
22.483
22.485
22.489
22.492
22.493
22.5
22.503
22.509
22.511
22.514
22.516
22.517
22.521
22.524
22.527
22.531
22.531
22.532
22.539
22.542
22.547
22.551
22.552
22.555
22.557
22.563
22.565
22.567
22.572
22.575
22.576
22.577
22.581
22.587
22.59
22.594
22.594
22.596
22.599
22.601
22.604
22.607
22.61
22.613
22.615
22.617
22.622
22.624
22.628
22.63
22.631
22.636
22.638
22.64
22.646
22.647
22.652
22.658
22.658
22.663
22.666
22.666
22.67
22.671
22.674
22.679
22.68
22.685
22.686
22.691
22.694
22.695
22.699
22.701
22.703
22.706
22.711
22.713
22.716
22.72
22.725
22.727
22.73
22.733
22.734
22.736
22.743
22.746
22.747
22.751
22.754
22.757
22.759
22.764
22.765
22.768
22.769
22.771
22.775
22.777
22.779
22.782
22.784
22.786
22.787
22.79
22.795
22.798
22.8
22.803
22.81
22.81
22.813
22.815
22.816
22.819
22.826
22.829
22.83
22.835
22.835
22.839
22.841
22.844
22.846
22.85
22.855
22.857
22.857
22.86
22.863
22.865
22.869
22.87
22.873
22.876
22.878
22.88
22.885
22.886
22.887
22.889
22.892
22.895
22.896
22.902
22.904
22.906
22.909
22.91
22.912
22.916
22.917
22.92
22.924
22.927
22.93
22.931
22.934
22.94
22.941
22.944
22.945
22.946
22.951
22.953
22.958
22.959
22.965
22.967
22.969
22.971
22.972
22.976
22.978
22.981
22.985
22.986
22.988
22.988
22.993
22.995
22.997
23.001
23.004
23.005
23.01
23.01
23.014
23.016
23.017
23.021
23.022
23.027
23.032
23.034
23.036
23.036
23.038
23.041
23.042
23.045
23.047
23.052
23.054
23.057
23.058
23.06
23.064
23.066
23.07
23.07
23.073
23.075
23.077
23.081
23.082
23.088
23.089
23.091
23.093
23.094
23.097
23.101
23.103
23.105
23.106
23.109
23.113
23.116
23.119
23.122
23.125
23.127
23.13
23.133
23.134
23.135
23.137
23.139
23.142
23.144
23.146
23.147
23.15
23.153
23.157
23.158
23.16
23.163
23.166
23.169
23.17
23.173
23.175
23.178
23.179
23.181
23.184
23.188
23.188
23.192
23.193
23.197
23.199
23.2
23.202
23.203
23.207
23.21
23.213
23.214
23.217
23.221
23.222
23.223
23.226
23.227
23.23
23.23
23.235
23.235
23.239
23.242
23.243
23.245
23.246
23.25
23.253
23.257
23.257
23.259
23.261
23.262
23.264
23.267
23.269
23.272
23.274
23.276
23.277
23.281
23.283
23.286
23.287
23.291
23.292
23.292
23.294
23.296
23.3
23.304
23.305
23.308
23.312
23.313
23.316
23.32
23.322
23.323
23.325
23.329
23.33
23.332
23.333
23.337
23.339
23.34
23.342
23.344
23.346
23.349
23.349
23.352
23.354
23.355
23.36
23.36
23.363
23.365
23.368
23.368
23.37
23.371
23.372
23.373
23.381
23.383
23.385
23.387
23.388
23.39
23.391
23.395
23.396
23.399
23.401
23.403
23.406
23.407
23.411
23.412
23.415
23.416
23.42
23.422
23.423
23.426
23.428
23.431
23.433
23.433
23.435
23.438
23.442
23.443
23.445
23.448
23.451
23.454
23.455
23.458
23.459
23.461
23.462
23.464
23.466
23.472
23.473
23.476
23.478
23.479
23.481
23.483
23.485
23.488
23.491
23.493
23.497
23.498
23.503
23.503
23.505
23.506
23.51
23.511
23.516
23.519
23.521
23.523
23.523
23.526
23.526
23.53
23.533
23.534
23.54
23.543
23.545
23.548
23.55
23.551
23.554
23.555
23.557
23.564
23.565
23.567
23.569
23.571
23.572
23.577
23.579
23.581
23.583
23.584
23.587
23.592
23.593
23.596
23.601
23.603
23.605
23.607
23.608
23.612
23.616
23.619
23.62
23.623
23.627
23.629
23.63
23.633
23.636
23.639
23.641
23.645
23.647
23.648
23.651
23.655
23.657
23.658
23.661
23.663
23.667
23.67
23.671
23.674
23.675
23.685
23.687
23.69
23.692
23.695
23.697
23.699
23.702
23.705
23.708
23.709
23.712
23.713
23.715
23.717
23.72
23.721
23.723
23.726
23.729
23.735
23.735
23.738
23.74
23.746
23.748
23.751
23.751
23.754
23.758
23.761
23.767
23.769
23.772
23.775
23.777
23.78
23.783
23.784
23.787
23.789
23.793
23.799
23.801
23.802
23.804
23.807
23.811
23.814
23.816
23.819
23.819
23.822
23.825
23.828
23.831
23.832
23.837
23.837
23.839
23.843
23.85
23.851
23.854
23.855
23.862
23.863
23.866
23.869
23.873
23.874
23.877
23.881
23.883
23.887
23.887
23.889
23.891
23.893
23.897
23.9
23.903
23.905
23.907
23.914
23.917
23.919
23.921
23.922
23.926
23.93
23.931
23.932
23.936
23.941
23.943
23.947
23.949
23.95
23.954
23.958
23.96
23.963
23.966
23.967
23.971
23.972
23.974
23.976
23.978
23.98
23.983
23.987
23.989
23.992
23.996
24.001
24.005
24.006
24.011
24.012
24.013
24.019
24.02
24.023
24.029
24.03
24.033
24.036
24.04
24.043
24.044
24.049
24.051
24.052
24.058
24.058
24.063
24.066
24.069
24.071
24.072
24.073
24.075
24.077
24.084
24.085
24.088
24.09
24.092
24.097
24.099
24.103
24.104
24.109
24.111
24.112
24.117
24.119
24.121
24.123
24.125
24.13
24.133
24.136
24.14
24.14
24.146
24.149
24.154
24.157
24.158
24.163
24.165
24.168
24.17
24.173
24.178
24.181
24.182
24.185
24.189
24.193
24.194
24.199
24.201
24.203
24.206
24.209
24.211
24.211
24.215
24.22
24.223
24.225
24.23
24.232
24.237
24.238
24.244
24.246
24.247
24.249
24.254
24.255
24.257
24.262
24.264
24.266
24.27
24.273
24.276
24.281
24.281
24.287
24.291
24.293
24.295
24.298
24.302
24.306
24.311
24.313
24.317
24.318
24.322
24.325
24.328
24.33
24.335
24.338
24.344
24.347
24.348
24.35
24.353
24.357
24.364
24.368
24.37
24.371
24.375
24.377
24.381
24.384
24.388
24.389
24.394
24.397
24.4
24.406
24.411
24.416
24.419
24.421
24.427
24.43
24.431
24.438
24.442
24.444
24.446
24.45
24.451
24.454
24.456
24.459
24.465
24.465
24.471
24.474
24.478
24.481
24.486
24.487
24.49
24.493
24.498
24.505
24.509
24.514
24.517
24.523
24.529
24.532
24.535
24.541
24.546
24.55
24.553
24.556
24.562
24.567
24.57
24.578
24.581
24.585
24.592
24.596
24.601
24.604
24.607
24.612
24.614
24.62
24.621
24.628
24.629
24.637
24.641
24.644
24.647
24.652
24.659
24.663
24.67
24.678
24.679
24.685
24.688
24.694
24.705
24.707
24.711
24.715
24.727
24.728
24.737
24.74
24.745
24.75
24.755
24.756
24.76
24.768
24.777
24.781
24.789
24.793
24.796
24.8
24.813
24.815
24.817
24.824
24.83
24.841
24.846
24.847
24.856
24.865
24.868
24.878
24.88
24.887
24.889
24.898
24.909
24.91
24.914
24.918
24.92
24.929
24.934
24.94
24.949
24.957
24.96
24.968
24.973
24.981
24.986
24.987
24.996
25
25.009
25.011
25.019
25.03
25.038
25.045
25.055
25.058
25.071
25.077
25.08
25.09
25.096
25.098
25.116
25.125
25.134
25.149
25.159
25.173
25.184
25.206
25.231
25.271
25.275
25.287
25.308
25.347
