0
0
0
3.0665
3.0665
3.0665
3.067
3.067
3.067
3.067
3.067
3.067
3.0674
3.0674
3.0674
3.4956
3.4956
3.4956
3.4956
3.4956
3.4956
3.4965
3.4965
3.4965
3.4965
3.4965
3.4965
4.549
4.549
4.549
4.549
4.549
4.549
4.549
4.549
4.5491
4.5491
4.5491
4.5491
4.5491
4.5491
4.5491
4.5491
4.6223
4.6223
4.6223
4.6234
4.6234
4.6234
4.9486
4.9486
4.9486
4.9493
4.9493
4.9493
4.9493
4.9493
4.9493
4.9501
4.9501
4.9501
5.7735
5.7735
5.7735
5.7735
5.7735
5.7735
5.7735
5.7735
5.7735
5.7735
5.7735
5.7735
5.7736
5.7736
5.7736
5.7736
5.7736
5.7736
5.7736
5.7736
5.7736
5.7736
5.7736
5.7736
6.1028
6.1028
6.1028
6.1038
6.1038
6.1038
6.1038
6.1038
6.1038
6.1047
6.1047
6.1047
6.2733
6.2733
6.2733
6.2737
6.2737
6.2737
6.2737
6.2737
6.2737
6.2737
6.2737
6.2737
6.2741
6.2741
6.2741
6.2741
6.2741
6.2741
6.2741
6.2741
6.2741
6.2745
6.2745
6.2745
6.7728
6.7728
6.7728
6.7734
6.7734
6.7734
6.7734
6.7734
6.7734
6.774
6.774
6.774
6.7742
6.7742
6.7742
6.7748
6.7748
6.7748
6.7748
6.7748
6.7748
6.7754
6.7754
6.7754
6.8475
6.8475
6.8475
6.8475
6.8475
6.8475
6.8494
6.8494
6.8494
6.8494
6.8494
6.8494
7.2596
7.2596
7.2596
7.2602
7.2602
7.2602
7.2602
7.2602
7.2602
7.2609
7.2609
7.2609
7.2609
7.2609
7.2609
7.2616
7.2616
7.2616
7.2616
7.2616
7.2616
7.2623
7.2623
7.2623
7.4943
7.4943
7.4943
7.4945
7.4945
7.4945
7.4945
7.4945
7.4945
7.4947
7.4947
7.4947
7.7012
7.7012
7.7012
7.7012
7.7012
7.7012
7.7018
7.7018
7.7018
7.7018
7.7018
7.7018
7.703
7.703
7.703
7.703
7.703
7.703
7.7036
7.7036
7.7036
7.7036
7.7036
7.7036
8.3328
8.3328
8.3328
8.3328
8.3328
8.3328
8.3334
8.3334
8.3334
8.3334
8.3334
8.3334
8.3336
8.3336
8.3336
8.3336
8.3336
8.3336
8.3342
8.3342
8.3342
8.3342
8.3342
8.3342
8.3895
8.3895
8.3895
8.3895
8.3895
8.3895
8.3895
8.3895
8.3896
8.3896
8.3896
8.3896
8.3896
8.3896
8.3897
8.3897
8.7442
8.7442
8.7442
8.7442
8.7442
8.7442
8.7447
8.7447
8.7447
8.7447
8.7447
8.7447
8.7449
8.7449
8.7449
8.7449
8.7449
8.7449
8.7454
8.7454
8.7454
8.7454
8.7454
8.7454
8.7459
8.7459
8.7459
8.7459
8.7459
8.7459
8.7463
8.7463
8.7463
8.7463
8.7463
8.7463
8.7466
8.7466
8.7466
8.7466
8.7466
8.7466
8.747
8.747
8.747
8.747
8.747
8.747
8.8879
8.8879
8.8879
8.8889
8.8889
8.8889
8.8889
8.8889
8.8889
8.8893
8.8893
8.8893
8.8898
8.8898
8.8898
8.8902
8.8902
8.8902
8.8902
8.8902
8.8902
8.8911
8.8911
8.8911
9.0467
9.0467
9.0467
9.0467
9.0467
9.0467
9.0476
9.0476
9.0476
9.0476
9.0476
9.0476
9.0477
9.0477
9.0477
9.0477
9.0477
9.0477
9.0485
9.0485
9.0485
9.0486
9.0486
9.0486
9.0536
9.0536
9.0536
9.0552
9.0552
9.0552
9.0552
9.0552
9.0552
9.0567
9.0567
9.0567
9.1867
9.1867
9.1867
9.1891
9.1891
9.1891
9.3032
9.3032
9.3032
9.3032
9.3032
9.3032
9.3033
9.3033
9.3033
9.3034
9.3034
9.3034
9.3034
9.3034
9.3034
9.3034
9.3034
9.3034
9.3035
9.3035
9.3036
9.3036
9.3036
9.3036
9.3074
9.3074
9.3074
9.3088
9.3088
9.3088
9.3088
9.3088
9.3088
9.3099
9.3099
9.3099
9.3101
9.3102
9.3102
9.3112
9.3112
9.3112
9.3113
9.3113
9.3113
9.3125
9.3126
9.3126
9.5576
9.5577
9.5577
9.5577
9.5577
9.5577
9.5577
9.5577
9.6098
9.6098
9.6098
9.6104
9.6104
9.6104
9.6104
9.6104
9.6104
9.6107
9.6107
9.6107
9.6111
9.6111
9.6111
9.6113
9.6113
9.6113
9.6113
9.6113
9.6113
9.612
9.612
9.612
9.7251
9.7251
9.7251
9.7266
9.7266
9.7266
9.7266
9.7266
9.7266
9.7282
9.7282
9.7282
9.9224
9.9224
9.9224
9.9224
9.9224
9.9224
9.9254
9.9254
9.9254
9.9254
9.9254
9.9254
9.9962
9.9962
9.9962
9.9969
9.9969
9.9969
9.9969
9.9969
9.9969
9.9976
9.9976
9.9976
9.9976
9.9976
9.9976
9.9984
9.9984
9.9984
9.9984
9.9984
9.9984
9.9991
9.9991
9.9991
10.016
10.016
10.016
10.017
10.017
10.017
10.017
10.017
10.017
10.018
10.018
10.018
10.018
10.018
10.018
10.02
10.02
10.02
10.02
10.02
10.02
10.021
10.021
10.021
10.334
10.334
10.334
10.335
10.335
10.335
10.335
10.335
10.335
10.336
10.336
10.336
10.336
10.336
10.336
10.337
10.337
10.337
10.337
10.337
10.337
10.338
10.338
10.338
10.541
10.541
10.541
10.541
10.541
10.541
10.542
10.542
10.542
10.542
10.542
10.542
10.544
10.544
10.544
10.544
10.544
10.544
10.545
10.545
10.545
10.545
10.545
10.545
10.941
10.941
10.941
10.941
10.941
10.941
10.941
10.941
10.941
10.941
10.941
10.941
10.941
10.941
10.941
10.941
10.968
10.968
10.968
10.968
10.968
10.968
10.969
10.969
10.969
10.969
10.969
10.969
10.97
10.97
10.97
10.97
10.97
10.97
10.97
10.97
10.97
10.97
10.97
10.97
11.087
11.087
11.087
11.087
11.087
11.087
11.088
11.088
11.088
11.088
11.088
11.088
11.088
11.088
11.088
11.088
11.088
11.088
11.089
11.089
11.089
11.089
11.089
11.089
11.09
11.09
11.09
11.09
11.09
11.09
11.09
11.09
11.09
11.09
11.09
11.09
11.091
11.091
11.091
11.091
11.091
11.091
11.091
11.091
11.091
11.091
11.091
11.091
11.149
11.149
11.149
11.149
11.149
11.149
11.149
11.149
11.149
11.149
11.149
11.149
11.149
11.149
11.149
11.149
11.149
11.149
11.149
11.149
11.149
11.149
11.149
11.149
11.192
11.192
11.192
11.192
11.192
11.192
11.192
11.192
11.192
11.192
11.192
11.192
11.193
11.193
11.193
11.193
11.193
11.193
11.193
11.193
11.193
11.193
11.193
11.193
11.226
11.226
11.226
11.226
11.226
11.226
11.227
11.227
11.227
11.227
11.227
11.227
11.228
11.228
11.228
11.228
11.228
11.228
11.228
11.228
11.228
11.228
11.228
11.228
11.229
11.229
11.229
11.229
11.229
11.229
11.229
11.229
11.229
11.229
11.229
11.229
11.23
11.23
11.23
11.23
11.23
11.23
11.231
11.231
11.231
11.231
11.231
11.231
11.42
11.42
11.42
11.42
11.42
11.42
11.42
11.42
11.42
11.42
11.42
11.42
11.421
11.421
11.421
11.421
11.421
11.421
11.421
11.421
11.421
11.421
11.421
11.421
11.421
11.421
11.421
11.421
11.421
11.421
11.422
11.422
11.422
11.422
11.422
11.422
11.422
11.422
11.422
11.422
11.422
11.422
11.422
11.422
11.422
11.422
11.422
11.422
11.425
11.425
11.425
11.425
11.425
11.425
11.425
11.425
11.425
11.425
11.425
11.425
11.426
11.426
11.426
11.426
11.426
11.426
11.426
11.426
11.426
11.426
11.426
11.426
11.427
11.427
11.427
11.427
11.427
11.427
11.427
11.427
11.427
11.427
11.427
11.427
11.428
11.428
11.428
11.428
11.428
11.428
11.428
11.428
11.428
11.428
11.428
11.428
11.539
11.539
11.539
11.54
11.54
11.54
11.54
11.54
11.54
11.541
11.541
11.541
11.541
11.541
11.541
11.542
11.542
11.542
11.542
11.542
11.542
11.542
11.542
11.542
11.816
11.816
11.816
11.816
11.816
11.816
11.817
11.817
11.817
11.817
11.817
11.817
11.818
11.818
11.818
11.818
11.818
11.818
11.819
11.819
11.819
11.819
11.819
11.819
11.82
11.82
11.82
11.82
11.821
11.821
11.821
11.821
11.821
11.821
11.821
11.821
11.823
11.823
11.823
11.823
11.824
11.824
11.824
11.824
11.824
11.824
11.824
11.824
11.825
11.825
11.825
11.826
11.826
11.826
11.826
11.826
11.827
11.827
11.827
11.828
11.829
11.829
11.829
11.829
11.829
11.829
11.829
11.829
11.829
11.829
11.829
11.829
11.831
11.831
11.831
11.832
11.832
11.832
11.833
11.833
11.834
11.834
11.834
11.835
11.836
11.836
11.838
11.838
11.838
11.84
11.84
11.84
11.911
11.911
11.911
11.911
11.911
11.911
11.911
11.911
11.911
11.911
11.911
11.911
11.912
11.912
11.912
11.912
11.912
11.912
11.912
11.912
11.912
11.913
11.913
11.913
11.95
11.95
11.95
11.95
11.95
11.95
11.951
11.951
11.951
11.951
11.951
11.951
11.951
11.951
11.951
11.951
11.951
11.951
11.952
11.952
11.952
11.952
11.952
11.952
12.025
12.025
12.025
12.025
12.025
12.025
12.026
12.026
12.026
12.026
12.026
12.026
12.027
12.027
12.027
12.027
12.027
12.027
12.028
12.028
12.028
12.028
12.028
12.028
12.118
12.118
12.118
12.118
12.118
12.118
12.119
12.119
12.119
12.119
12.119
12.119
12.119
12.119
12.119
12.119
12.119
12.119
12.12
12.12
12.12
12.12
12.12
12.12
12.129
12.129
12.129
12.129
12.129
12.129
12.13
12.13
12.13
12.13
12.13
12.13
12.131
12.131
12.131
12.131
12.131
12.131
12.133
12.133
12.133
12.133
12.133
12.133
12.227
12.227
12.227
12.228
12.228
12.228
12.229
12.229
12.229
12.229
12.229
12.229
12.23
12.23
12.23
12.23
12.23
12.23
12.23
12.23
12.23
12.231
12.231
12.231
12.407
12.407
12.407
12.407
12.407
12.407
12.407
12.407
12.407
12.407
12.407
12.407
12.408
12.408
12.408
12.408
12.408
12.408
12.408
12.408
12.408
12.408
12.408
12.408
12.496
12.496
12.496
12.497
12.497
12.497
12.497
12.497
12.497
12.497
12.497
12.497
12.499
12.499
12.499
12.499
12.499
12.499
12.499
12.499
12.499
12.5
12.5
12.5
12.523
12.523
12.523
12.523
12.523
12.523
12.524
12.524
12.524
12.524
12.524
12.524
12.524
12.524
12.524
12.524
12.524
12.524
12.525
12.525
12.525
12.525
12.525
12.525
12.603
12.603
12.603
12.603
12.604
12.604
12.604
12.604
12.604
12.604
12.604
12.604
12.605
12.605
12.605
12.605
12.605
12.605
12.605
12.605
12.605
12.605
12.605
12.605
12.606
12.606
12.606
12.606
12.606
12.606
12.607
12.607
12.607
12.607
12.607
12.607
12.802
12.802
12.802
12.802
12.802
12.802
12.802
12.802
12.802
12.802
12.802
12.802
12.802
12.802
12.802
12.802
12.802
12.802
12.802
12.802
12.802
12.803
12.803
12.803
12.874
12.874
12.874
12.875
12.875
12.875
12.876
12.876
12.876
12.877
12.877
12.877
12.877
12.877
12.877
12.878
12.879
12.879
12.879
12.879
12.879
12.88
12.88
12.88
13.041
13.041
13.041
13.041
13.041
13.041
13.041
13.041
13.041
13.041
13.041
13.041
13.042
13.042
13.042
13.042
13.042
13.042
13.042
13.042
13.042
13.042
13.042
13.042
13.044
13.044
13.044
13.044
13.044
13.044
13.044
13.044
13.044
13.044
13.044
13.044
13.044
13.044
13.044
13.044
13.044
13.044
13.045
13.045
13.045
13.045
13.045
13.045
13.11
13.11
13.11
13.11
13.11
13.11
13.111
13.111
13.111
13.111
13.111
13.111
13.112
13.112
13.112
13.112
13.112
13.112
13.112
13.112
13.112
13.112
13.112
13.112
13.122
13.122
13.122
13.124
13.124
13.124
13.124
13.124
13.124
13.125
13.125
13.125
13.126
13.126
13.126
13.127
13.127
13.127
13.127
13.127
13.127
13.128
13.128
13.128
13.218
13.218
13.218
13.218
13.218
13.218
13.218
13.218
13.218
13.219
13.219
13.219
13.219
13.219
13.219
13.219
13.219
13.219
13.219
13.219
13.219
13.219
13.219
13.219
13.221
13.221
13.221
13.221
13.221
13.221
13.221
13.221
13.221
13.221
13.221
13.221
13.221
13.221
13.221
13.221
13.221
13.221
13.222
13.222
13.222
13.222
13.222
13.222
13.252
13.252
13.252
13.252
13.252
13.252
13.252
13.252
13.252
13.252
13.252
13.252
13.253
13.253
13.253
13.253
13.253
13.253
13.253
13.253
13.253
13.253
13.253
13.253
13.254
13.254
13.254
13.254
13.254
13.254
13.254
13.254
13.254
13.254
13.254
13.254
13.255
13.255
13.255
13.255
13.255
13.255
13.255
13.255
13.255
13.255
13.255
13.255
13.297
13.297
13.297
13.297
13.297
13.297
13.297
13.297
13.297
13.297
13.297
13.297
13.297
13.297
13.297
13.297
13.297
13.297
13.297
13.297
13.297
13.297
13.297
13.297
13.299
13.299
13.299
13.3
13.3
13.3
13.3
13.3
13.3
13.3
13.3
13.3
13.3
13.3
13.3
13.3
13.3
13.3
13.3
13.3
13.3
13.3
13.3
13.3
13.311
13.311
13.311
13.311
13.311
13.311
13.312
13.312
13.312
13.312
13.312
13.312
13.312
13.312
13.312
13.312
13.312
13.312
13.312
13.312
13.312
13.312
13.312
13.312
13.334
13.334
13.334
13.334
13.334
13.334
13.334
13.334
13.334
13.334
13.334
13.334
13.335
13.335
13.335
13.335
13.335
13.335
13.336
13.336
13.336
13.336
13.336
13.336
13.337
13.337
13.337
13.337
13.337
13.337
13.338
13.338
13.338
13.338
13.338
13.338
13.339
13.339
13.339
13.339
13.339
13.339
13.339
13.339
13.339
13.339
13.339
13.339
13.433
13.433
13.433
13.433
13.433
13.433
13.434
13.434
13.434
13.434
13.434
13.434
13.435
13.435
13.435
13.435
13.435
13.435
13.435
13.435
13.435
13.435
13.435
13.435
13.579
13.579
13.579
13.583
13.583
13.583
13.591
13.591
13.591
13.591
13.591
13.591
13.592
13.592
13.592
13.592
13.592
13.592
13.592
13.592
13.592
13.592
13.592
13.592
13.592
13.592
13.592
13.592
13.592
13.592
13.593
13.593
13.593
13.593
13.593
13.593
13.594
13.594
13.594
13.594
13.594
13.594
13.594
13.594
13.594
13.594
13.594
13.594
13.595
13.595
13.595
13.595
13.595
13.595
13.607
13.607
13.607
13.609
13.609
13.609
13.609
13.609
13.609
13.61
13.61
13.61
13.611
13.611
13.611
13.612
13.612
13.612
13.612
13.612
13.612
13.614
13.614
13.614
13.785
13.785
13.785
13.785
13.785
13.785
13.787
13.787
13.787
13.787
13.787
13.787
13.787
13.787
13.787
13.787
13.787
13.787
13.788
13.788
13.788
13.788
13.788
13.788
13.852
13.852
13.852
13.852
13.852
13.852
13.853
13.853
13.853
13.853
13.853
13.853
13.853
13.853
13.853
13.853
13.853
13.853
13.853
13.853
13.853
13.853
13.853
13.853
13.855
13.855
13.855
13.857
13.857
13.857
13.857
13.857
13.857
13.859
13.859
13.859
13.859
13.859
13.859
13.861
13.861
13.861
13.861
13.861
13.861
13.863
13.863
13.863
13.882
13.882
13.882
13.882
13.882
13.882
13.882
13.882
13.882
13.882
13.882
13.882
13.883
13.883
13.883
13.883
13.883
13.883
13.884
13.884
13.884
13.884
13.884
13.884
13.884
13.884
13.884
13.884
13.884
13.884
13.884
13.884
13.884
13.884
13.884
13.884
13.885
13.885
13.885
13.885
13.885
13.885
13.886
13.886
13.886
13.886
13.886
13.886
14.074
14.074
14.074
14.076
14.076
14.076
14.076
14.076
14.076
14.078
14.078
14.078
14.079
14.079
14.079
14.08
14.08
14.08
14.08
14.08
14.08
14.083
14.083
14.083
14.11
14.111
14.111
14.111
14.111
14.111
14.112
14.112
14.112
14.112
14.112
14.112
14.114
14.114
14.115
14.115
14.115
14.115
14.115
14.115
14.116
14.116
14.116
14.116
14.167
14.167
14.167
14.167
14.167
14.167
14.167
14.167
14.167
14.168
14.168
14.168
14.168
14.168
14.168
14.17
14.17
14.17
14.17
14.17
14.17
14.173
14.173
14.173
14.237
14.237
14.237
14.239
14.239
14.239
14.239
14.239
14.239
14.241
14.241
14.241
14.282
14.282
14.282
14.282
14.282
14.282
14.283
14.283
14.283
14.283
14.283
14.283
14.283
14.283
14.283
14.283
14.283
14.283
14.284
14.284
14.284
14.284
14.284
14.284
14.448
14.448
14.448
14.448
14.448
14.448
14.45
14.45
14.45
14.45
14.45
14.45
14.45
14.45
14.45
14.45
14.45
14.45
14.451
14.451
14.451
14.451
14.451
14.451
14.465
14.465
14.465
14.465
14.465
14.465
14.468
14.468
14.468
14.468
14.468
14.468
14.468
14.468
14.468
14.468
14.468
14.468
14.471
14.471
14.471
14.471
14.471
14.471
14.521
14.521
14.521
14.521
14.521
14.521
14.521
14.521
14.521
14.522
14.522
14.522
14.523
14.523
14.523
14.523
14.523
14.523
14.523
14.523
14.523
14.524
14.524
14.524
14.524
14.524
14.524
14.524
14.524
14.524
14.525
14.525
14.525
14.525
14.525
14.525
14.526
14.526
14.526
14.526
14.526
14.526
14.527
14.527
14.527
14.527
14.527
14.527
14.53
14.53
14.53
14.53
14.53
14.53
14.531
14.531
14.531
14.531
14.531
14.531
14.532
14.532
14.532
14.533
14.533
14.533
14.533
14.533
14.533
14.533
14.533
14.533
14.547
14.547
14.547
14.549
14.549
14.549
14.549
14.549
14.549
14.551
14.551
14.551
14.551
14.551
14.551
14.553
14.553
14.553
14.553
14.553
14.553
14.555
14.555
14.555
14.798
14.798
14.798
14.798
14.798
14.798
14.802
14.802
14.802
14.802
14.802
14.802
14.866
14.866
14.866
14.866
14.866
14.866
14.867
14.867
14.867
14.867
14.867
14.867
14.868
14.868
14.868
14.868
14.868
14.868
14.869
14.869
14.869
14.869
14.869
14.869
15.051
15.051
15.051
15.051
15.051
15.051
15.051
15.051
15.051
15.051
15.051
15.051
15.051
15.051
15.051
15.051
15.051
15.051
15.051
15.051
15.051
15.051
15.051
15.051
15.053
15.053
15.053
15.053
15.053
15.053
15.053
15.053
15.053
15.054
15.054
15.054
15.054
15.054
15.054
15.054
15.054
15.054
15.054
15.054
15.054
15.054
15.054
15.054
15.054
15.054
15.054
15.054
15.054
15.054
15.054
15.054
15.054
15.054
15.054
15.054
15.055
15.055
15.055
15.055
15.055
15.055
15.055
15.055
15.055
15.055
15.056
15.056
15.092
15.092
15.092
15.093
15.093
15.093
15.093
15.093
15.093
15.094
15.094
15.094
15.094
15.094
15.094
15.095
15.095
15.095
15.095
15.095
15.095
15.095
15.095
15.095
15.096
15.096
15.096
15.097
15.097
15.097
15.097
15.097
15.097
15.099
15.099
15.1
15.1
15.1
15.1
15.102
15.102
15.102
15.102
15.102
15.102
15.104
15.104
15.104
15.138
15.138
15.138
15.138
15.138
15.138
15.139
15.139
15.139
15.139
15.139
15.139
15.14
15.14
15.14
15.14
15.14
15.14
15.141
15.141
15.141
15.141
15.141
15.141
15.141
15.141
15.141
15.141
15.141
15.141
15.142
15.142
15.142
15.142
15.142
15.142
15.143
15.143
15.143
15.143
15.143
15.143
15.143
15.143
15.143
15.143
15.143
15.143
15.228
15.228
15.228
15.228
15.228
15.228
15.229
15.229
15.229
15.229
15.229
15.229
15.229
15.229
15.229
15.229
15.229
15.229
15.23
15.23
15.23
15.23
15.23
15.23
15.23
15.23
15.23
15.23
15.23
15.23
15.23
15.23
15.23
15.23
15.23
15.23
15.231
15.231
15.231
15.231
15.231
15.231
15.232
15.232
15.232
15.232
15.232
15.232
15.24
15.24
15.24
15.24
15.24
15.24
15.241
15.241
15.241
15.241
15.241
15.241
15.245
15.245
15.245
15.245
15.245
15.245
15.245
15.245
15.245
15.245
15.245
15.245
15.268
15.268
15.268
15.268
15.268
15.268
15.269
15.269
15.269
15.269
15.269
15.269
15.27
15.27
15.27
15.27
15.27
15.27
15.271
15.271
15.271
15.271
15.271
15.271
15.271
15.271
15.271
15.271
15.271
15.271
15.273
15.273
15.273
15.273
15.273
15.273
15.274
15.274
15.274
15.274
15.274
15.274
15.275
15.275
15.275
15.275
15.275
15.275
15.301
15.301
15.301
15.301
15.301
15.301
15.301
15.301
15.301
15.301
15.301
15.301
15.301
15.301
15.301
15.301
15.301
15.301
15.302
15.302
15.302
15.302
15.302
15.302
15.327
15.327
15.327
15.327
15.327
15.327
15.327
15.327
15.327
15.327
15.327
15.327
15.327
15.327
15.327
15.327
15.327
15.327
15.328
15.328
15.328
15.328
15.328
15.328
15.328
15.328
15.328
15.328
15.328
15.328
15.329
15.329
15.329
15.329
15.329
15.329
15.329
15.329
15.329
15.329
15.329
15.329
15.329
15.329
15.329
15.329
15.329
15.329
15.472
15.472
15.472
15.472
15.472
15.472
15.472
15.472
15.472
15.472
15.472
15.472
15.473
15.473
15.473
15.473
15.473
15.473
15.474
15.474
15.474
15.474
15.474
15.474
15.515
15.515
15.515
15.515
15.515
15.515
15.517
15.517
15.517
15.517
15.517
15.517
15.518
15.518
15.518
15.518
15.518
15.518
15.52
15.52
15.52
15.52
15.52
15.52
15.521
15.521
15.521
15.521
15.521
15.521
15.521
15.521
15.521
15.521
15.521
15.521
15.521
15.521
15.521
15.522
15.522
15.522
15.522
15.522
15.522
15.522
15.522
15.522
15.653
15.653
15.653
15.653
15.653
15.653
15.654
15.654
15.654
15.654
15.654
15.654
15.655
15.655
15.655
15.655
15.655
15.655
15.656
15.656
15.656
15.656
15.656
15.656
15.657
15.657
15.657
15.657
15.657
15.657
15.658
15.658
15.658
15.658
15.658
15.658
15.659
15.659
15.659
15.659
15.659
15.659
15.66
15.66
15.66
15.66
15.66
15.66
15.851
15.851
15.851
15.851
15.851
15.851
15.851
15.851
15.851
15.851
15.851
15.851
15.853
15.853
15.853
15.853
15.853
15.853
15.853
15.853
15.853
15.853
15.853
15.853
15.854
15.854
15.854
15.854
15.854
15.854
15.854
15.854
15.854
15.854
15.854
15.854
15.856
15.856
15.856
15.856
15.856
15.856
15.856
15.856
15.856
15.856
15.856
15.856
15.869
15.869
15.869
15.872
15.872
15.872
15.872
15.872
15.872
15.872
15.872
15.872
15.872
15.872
15.872
15.874
15.874
15.874
15.874
15.874
15.874
15.874
15.874
15.874
15.874
15.874
15.874
15.875
15.875
15.875
15.875
15.875
15.875
15.876
15.876
15.876
15.876
15.876
15.876
15.877
15.877
15.877
15.877
15.877
15.877
15.878
15.878
15.878
16.012
16.012
16.012
16.012
16.012
16.012
16.012
16.012
16.012
16.012
16.012
16.012
16.013
16.013
16.013
16.013
16.013
16.013
16.013
16.013
16.013
16.013
16.013
16.013
16.014
16.014
16.014
16.014
16.014
16.014
16.014
16.014
16.014
16.014
16.014
16.014
16.015
16.015
16.015
16.015
16.015
16.015
16.015
16.015
16.015
16.015
16.015
16.015
16.062
16.062
16.062
16.063
16.063
16.063
16.063
16.063
16.063
16.063
16.063
16.063
16.064
16.064
16.064
16.064
16.064
16.064
16.064
16.064
16.064
16.065
16.065
16.065
16.079
16.079
16.079
16.081
16.081
16.081
16.081
16.081
16.081
16.083
16.083
16.083
16.083
16.083
16.083
16.086
16.086
16.086
16.086
16.086
16.086
16.088
16.088
16.088
16.134
16.134
16.134
16.137
16.137
16.137
16.137
16.137
16.137
16.139
16.139
16.139
16.24
16.24
16.24
16.24
16.24
16.24
16.241
16.241
16.241
16.241
16.241
16.241
16.242
16.242
16.242
16.242
16.242
16.242
16.243
16.243
16.243
16.243
16.243
16.243
16.262
16.262
16.262
16.262
16.262
16.262
16.265
16.265
16.265
16.265
16.265
16.265
16.266
16.266
16.266
16.266
16.266
16.266
16.27
16.27
16.27
16.27
16.27
16.27
16.38
16.38
16.38
16.381
16.381
16.381
16.382
16.382
16.382
16.382
16.382
16.382
16.382
16.382
16.382
16.382
16.382
16.382
16.384
16.384
16.384
16.384
16.384
16.384
16.424
16.424
16.424
16.424
16.424
16.424
16.429
16.429
16.429
16.429
16.429
16.429
16.434
16.434
16.434
16.434
16.434
16.434
16.435
16.435
16.435
16.435
16.435
16.435
16.438
16.438
16.438
16.438
16.438
16.438
16.439
16.439
16.439
16.439
16.439
16.439
16.458
16.458
16.458
16.459
16.459
16.459
16.459
16.459
16.459
16.459
16.459
16.459
16.46
16.46
16.46
16.46
16.46
16.46
16.462
16.462
16.462
16.462
16.462
16.462
16.462
16.462
16.462
16.462
16.462
16.462
16.463
16.463
16.463
16.463
16.463
16.463
16.465
16.465
16.465
16.465
16.465
16.465
16.465
16.465
16.465
16.465
16.465
16.465
16.682
16.682
16.682
16.682
16.682
16.682
16.683
16.683
16.683
16.683
16.683
16.683
16.685
16.685
16.685
16.685
16.685
16.685
16.686
16.686
16.686
16.686
16.686
16.686
16.686
16.686
16.686
16.686
16.686
16.686
16.687
16.687
16.687
16.687
16.687
16.687
16.689
16.689
16.689
16.689
16.689
16.689
16.69
16.69
16.69
16.69
16.69
16.69
16.805
16.805
16.805
16.806
16.806
16.806
16.806
16.806
16.806
16.806
16.806
16.806
16.809
16.809
16.809
16.809
16.809
16.809
16.809
16.809
16.809
16.81
16.81
16.81
16.832
16.832
16.832
16.832
16.832
16.832
16.833
16.833
16.833
16.833
16.833
16.833
16.834
16.834
16.834
16.836
16.836
16.836
16.836
16.836
16.836
16.836
16.836
16.836
16.837
16.837
16.837
16.837
16.837
16.837
16.837
16.837
16.837
16.838
16.838
16.838
16.838
16.838
16.838
16.838
16.838
16.838
16.838
16.838
16.838
16.839
16.839
16.839
16.872
16.872
16.872
16.872
16.872
16.872
16.872
16.872
16.872
16.872
16.872
16.872
16.874
16.874
16.874
16.874
16.874
16.874
16.874
16.874
16.874
16.874
16.874
16.874
16.88
16.88
16.88
16.88
16.88
16.88
16.881
16.881
16.881
16.881
16.881
16.881
16.882
16.882
16.882
16.882
16.882
16.882
16.882
16.882
16.882
16.882
16.882
16.882
17.011
17.011
17.011
17.011
17.011
17.011
17.012
17.012
17.012
17.012
17.012
17.012
17.013
17.013
17.013
17.013
17.013
17.013
17.015
17.015
17.015
17.015
17.015
17.015
17.022
17.022
17.022
17.022
17.022
17.022
17.023
17.023
17.023
17.023
17.023
17.023
17.024
17.024
17.024
17.025
17.025
17.025
17.025
17.025
17.025
17.026
17.026
17.026
17.026
17.026
17.026
17.027
17.027
17.027
17.027
17.027
17.027
17.029
17.029
17.029
17.029
17.029
17.029
17.031
17.031
17.031
17.031
17.031
17.031
17.034
17.034
17.034
17.077
17.077
17.077
17.077
17.077
17.077
17.077
17.077
17.077
17.077
17.077
17.077
17.078
17.078
17.078
17.078
17.078
17.078
17.078
17.078
17.078
17.078
17.078
17.078
17.083
17.083
17.083
17.083
17.083
17.083
17.084
17.084
17.084
17.084
17.084
17.084
17.085
17.085
17.085
17.085
17.085
17.085
17.086
17.086
17.086
17.086
17.086
17.086
17.087
17.087
17.087
17.087
17.087
17.087
17.087
17.087
17.087
17.087
17.087
17.087
17.088
17.088
17.088
17.088
17.088
17.088
17.089
17.089
17.089
17.089
17.089
17.089
17.122
17.122
17.122
17.124
17.124
17.124
17.124
17.124
17.124
17.125
17.125
17.125
17.126
17.126
17.126
17.127
17.127
17.127
17.127
17.127
17.127
17.129
17.129
17.129
17.199
17.199
17.199
17.199
17.199
17.199
17.202
17.202
17.202
17.202
17.202
17.202
17.203
17.203
17.203
17.203
17.203
17.203
17.206
17.206
17.206
17.206
17.206
17.206
17.346
17.346
17.346
17.349
17.349
17.349
17.349
17.349
17.349
17.351
17.351
17.351
17.36
17.36
17.36
17.36
17.36
17.36
17.364
17.364
17.364
17.364
17.364
17.364
17.365
17.365
17.365
17.365
17.365
17.365
17.368
17.368
17.368
17.368
17.368
17.368
17.425
17.425
17.425
17.425
17.425
17.425
17.43
17.43
17.43
17.43
17.43
17.43
17.548
17.548
17.548
17.548
17.548
17.548
17.578
17.578
17.578
17.578
17.578
17.578
17.582
17.582
17.582
17.582
17.582
17.582
17.615
17.615
17.615
17.616
17.616
17.616
17.655
17.655
17.655
17.655
17.655
17.655
17.659
17.659
17.659
17.66
17.66
17.66
17.732
17.732
17.732
17.732
17.732
17.732
17.736
17.736
17.736
17.736
17.736
17.736
17.766
17.766
17.766
17.766
17.766
17.766
17.812
17.812
17.812
17.812
17.812
17.812
17.812
17.812
17.812
17.812
17.812
17.812
17.813
17.813
17.813
17.813
17.813
17.813
17.813
17.813
17.813
17.813
17.813
17.813
17.814
17.814
17.814
17.814
17.814
17.814
17.814
17.814
17.814
17.814
17.814
17.814
17.814
17.814
17.814
17.814
17.814
17.815
17.815
17.815
17.815
17.815
17.815
17.815
17.816
17.816
17.816
17.816
17.816
17.816
17.816
17.816
17.816
17.816
17.816
17.816
17.816
17.816
17.816
17.816
17.817
17.817
17.817
17.817
17.817
17.817
17.817
17.817
17.817
17.817
17.817
17.817
17.817
17.817
17.817
17.817
17.817
17.817
17.817
17.817
17.82
17.82
17.82
17.82
17.82
17.82
17.821
17.821
17.821
17.821
17.821
17.821
17.826
17.826
17.826
17.826
17.826
17.826
17.826
17.826
17.826
17.826
17.826
17.826
17.826
17.826
17.826
17.826
17.826
17.826
17.827
17.827
17.827
17.827
17.827
17.827
17.888
17.888
17.888
17.888
17.888
17.888
17.888
17.888
17.888
17.888
17.888
17.888
17.89
17.89
17.89
17.89
17.89
17.89
17.89
17.89
17.89
17.89
17.89
17.89
17.891
17.891
17.891
17.891
17.891
17.891
17.891
17.891
17.891
17.891
17.891
17.891
17.893
17.893
17.893
17.893
17.893
17.893
17.893
17.893
17.893
17.893
17.893
17.893
17.917
17.917
17.917
17.917
17.917
17.917
17.917
17.917
17.942
17.942
17.942
17.942
17.942
17.942
17.943
17.943
17.943
17.943
17.943
17.943
17.947
17.947
17.947
17.947
17.947
17.947
17.948
17.948
17.948
17.948
17.948
17.948
18.067
18.067
18.067
18.067
18.067
18.067
18.069
18.069
18.069
18.069
18.069
18.069
18.071
18.071
18.071
18.071
18.071
18.071
18.073
18.073
18.073
18.073
18.073
18.073
18.12
18.12
18.12
18.121
18.121
18.121
18.121
18.121
18.121
18.122
18.122
18.122
18.151
18.151
18.151
18.151
18.151
18.151
18.151
18.151
18.151
18.151
18.151
18.151
18.207
18.207
18.207
18.207
18.207
18.207
18.207
18.207
18.207
18.207
18.207
18.207
18.208
18.208
18.208
18.208
18.208
18.208
18.208
18.208
18.208
18.208
18.208
18.208
18.208
18.208
18.208
18.208
18.208
18.208
18.208
18.208
18.208
18.208
18.208
18.208
18.208
18.208
18.208
18.208
18.208
18.208
18.208
18.208
18.208
18.208
18.208
18.208
18.317
18.317
18.317
18.317
18.317
18.317
18.318
18.318
18.318
18.318
18.318
18.318
18.318
18.318
18.318
18.318
18.318
18.318
18.32
18.32
18.32
18.32
18.32
18.32
18.377
18.377
18.377
18.379
18.379
18.379
18.379
18.379
18.379
18.381
18.381
18.381
18.382
18.382
18.382
18.384
18.384
18.384
18.384
18.384
18.384
18.386
18.386
18.386
18.39
18.39
18.39
18.39
18.39
18.39
18.391
18.391
18.391
18.391
18.391
18.391
18.393
18.393
18.393
18.393
18.393
18.393
18.393
18.393
18.393
18.393
18.393
18.393
18.393
18.393
18.393
18.393
18.393
18.393
18.394
18.394
18.394
18.394
18.394
18.394
18.396
18.396
18.396
18.396
18.396
18.396
18.396
18.396
18.396
18.396
18.396
18.396
18.803
18.803
18.803
18.806
18.806
18.806
18.806
18.806
18.806
18.808
18.808
18.808
18.882
18.882
18.882
18.882
18.882
18.882
18.883
18.883
18.883
18.883
18.883
18.883
18.886
18.886
18.886
18.886
18.886
18.886
18.887
18.887
18.887
18.887
18.887
18.887
18.892
18.892
18.892
18.892
18.892
18.892
18.892
18.892
18.892
18.892
18.892
18.892
18.894
18.894
18.894
18.894
18.894
18.894
18.894
18.894
18.894
18.894
18.894
18.894
18.895
18.895
18.895
18.895
18.895
18.895
18.895
18.895
18.895
18.895
18.895
18.895
18.896
18.896
18.896
18.896
18.896
18.896
18.897
18.897
18.897
18.897
18.897
18.897
19.078
19.078
19.078
19.079
19.079
19.079
19.08
19.08
19.08
19.08
19.08
19.08
19.081
19.081
19.081
19.081
19.081
19.081
19.081
19.081
19.081
19.082
19.082
19.082
19.203
19.203
19.203
19.203
19.203
19.203
19.204
19.204
19.204
19.204
19.204
19.204
19.222
19.222
19.222
19.223
19.223
19.223
19.223
19.223
19.223
19.224
19.224
19.224
19.35
19.35
19.35
19.35
19.35
19.35
19.351
19.351
19.351
19.351
19.351
19.351
19.353
19.353
19.353
19.353
19.353
19.353
19.354
19.354
19.354
19.354
19.354
19.354
19.354
19.354
19.354
19.354
19.354
19.354
19.355
19.355
19.355
19.355
19.355
19.355
19.356
19.356
19.356
19.356
19.356
19.356
19.358
19.358
19.358
19.358
19.358
19.358
19.478
19.478
19.478
19.478
19.478
19.478
19.48
19.48
19.48
19.48
19.48
19.48
19.483
19.483
19.483
19.483
19.483
19.483
19.484
19.484
19.484
19.484
19.484
19.484
19.515
19.515
19.515
19.517
19.517
19.517
19.517
19.517
19.517
19.518
19.518
19.518
19.519
19.519
19.519
19.519
19.519
19.519
19.519
19.519
19.519
19.521
19.521
19.521
19.698
19.698
19.698
19.698
19.698
19.698
19.699
19.699
19.699
19.699
19.699
19.699
19.699
19.699
19.699
19.699
19.699
19.699
19.7
19.7
19.7
19.7
19.7
19.7
19.805
19.805
19.805
19.805
19.805
19.805
19.806
19.806
19.806
19.806
19.806
19.806
19.807
19.807
19.807
19.807
19.807
19.807
19.807
19.807
19.807
19.807
19.807
19.807
19.808
19.808
19.808
19.808
19.808
19.808
19.808
19.808
19.808
19.808
19.808
19.808
19.809
19.809
19.809
19.809
19.809
19.809
19.809
19.809
19.809
19.809
19.809
19.809
19.813
19.813
19.813
19.813
19.813
19.813
19.814
19.814
19.814
19.814
19.814
19.814
19.817
19.817
19.817
19.817
19.817
19.817
19.817
19.817
19.817
19.817
19.817
19.817
19.888
19.888
19.888
19.888
19.888
19.888
19.89
19.89
19.89
19.89
19.89
19.89
19.891
19.891
19.891
19.891
19.891
19.891
19.892
19.892
19.892
19.892
19.892
19.892
20.003
20.003
20.003
20.004
20.004
20.004
20.004
20.004
20.004
20.005
20.005
20.005
20.005
20.005
20.005
20.006
20.006
20.006
20.006
20.006
20.006
20.007
20.007
20.007
20.233
20.233
20.233
20.234
20.234
20.234
20.234
20.234
20.234
20.234
20.234
20.234
20.234
20.234
20.234
20.234
20.234
20.234
20.234
20.234
20.234
20.234
20.234
20.234
20.239
20.239
20.239
20.239
20.239
20.239
20.239
20.239
20.239
20.24
20.24
20.24
20.24
20.24
20.24
20.24
20.24
20.24
20.24
20.24
20.24
20.24
20.24
20.24
20.24
20.24
20.24
20.241
20.241
20.241
20.241
20.241
20.241
20.241
20.241
20.241
20.241
20.241
20.241
20.241
20.241
20.241
20.241
20.241
20.241
20.242
20.242
20.242
20.285
20.285
20.285
20.285
20.285
20.285
20.285
20.285
20.285
20.285
20.285
20.285
20.285
20.285
20.285
20.286
20.286
20.286
20.286
20.286
20.286
20.286
20.286
20.286
20.365
20.365
20.365
20.365
20.365
20.365
20.367
20.367
20.367
20.367
20.367
20.367
20.37
20.37
20.37
20.37
20.37
20.37
20.372
20.372
20.372
20.372
20.372
20.372
20.43
20.43
20.43
20.43
20.43
20.43
20.431
20.431
20.431
20.431
20.431
20.431
20.432
20.432
20.432
20.432
20.432
20.432
20.432
20.432
20.432
20.432
20.432
20.432
20.433
20.433
20.433
20.433
20.433
20.433
20.433
20.433
20.433
20.434
20.434
20.434
20.435
20.435
20.435
20.435
20.435
20.435
20.436
20.436
20.436
20.436
20.436
20.436
20.559
20.559
20.559
20.559
20.559
20.559
20.56
20.56
20.56
20.56
20.56
20.56
20.56
20.56
20.56
20.56
20.56
20.56
20.56
20.56
20.56
20.56
20.56
20.56
20.56
20.56
20.56
20.56
20.56
20.56
20.561
20.561
20.561
20.561
20.561
20.561
20.561
20.561
20.561
20.561
20.561
20.561
20.561
20.561
20.561
20.561
20.561
20.561
20.67
20.67
20.67
20.67
20.67
20.67
20.672
20.672
20.672
20.672
20.672
20.672
20.958
20.958
20.958
20.959
20.959
20.959
20.959
20.959
20.959
20.961
20.961
20.961
21.036
21.036
21.036
21.036
21.036
21.036
21.036
21.036
21.036
21.036
21.036
21.036
21.037
21.037
21.037
21.037
21.037
21.037
21.037
21.037
21.037
21.037
21.037
21.037
21.057
21.057
21.057
21.057
21.057
21.057
21.058
21.058
21.058
21.058
21.058
21.058
21.058
21.058
21.058
21.058
21.058
21.058
21.058
21.058
21.058
21.058
21.058
21.058
21.058
21.058
21.058
21.064
21.064
21.064
21.138
21.138
21.138
21.138
21.138
21.138
21.139
21.139
21.139
21.139
21.139
21.139
21.142
21.142
21.142
21.142
21.142
21.142
21.143
21.143
21.143
21.143
21.143
21.143
21.159
21.159
21.159
21.159
21.159
21.159
21.161
21.161
21.161
21.161
21.161
21.161
21.163
21.163
21.163
21.163
21.163
21.163
21.164
21.164
21.164
21.164
21.164
21.164
21.323
21.323
21.323
21.323
21.323
21.323
21.326
21.326
21.326
21.326
21.326
21.326
21.328
21.328
21.328
21.328
21.328
21.328
21.331
21.331
21.331
21.331
21.331
21.331
21.406
21.406
21.406
21.409
21.409
21.409
21.409
21.409
21.409
21.413
21.413
21.413
21.673
21.673
21.673
21.675
21.675
21.675
21.675
21.675
21.675
21.677
21.677
21.677
21.678
21.678
21.678
21.679
21.679
21.679
21.679
21.679
21.679
21.682
21.682
21.682
21.888
21.888
21.888
21.888
21.888
21.888
21.89
21.89
21.89
21.89
21.89
21.89
21.891
21.891
21.891
21.891
21.891
21.891
21.893
21.893
21.893
21.893
21.893
21.893
21.935
21.935
21.935
21.935
21.935
21.935
21.936
21.936
21.936
21.936
21.936
21.936
21.937
21.937
21.937
21.937
21.937
21.937
21.938
21.938
21.938
21.938
21.938
21.938
21.975
21.975
21.975
21.975
21.975
21.975
21.976
21.976
21.976
21.976
21.976
21.976
21.979
21.979
21.979
21.979
21.979
21.979
21.979
21.979
21.979
21.979
21.979
21.979
21.981
21.981
21.981
21.981
21.981
21.981
21.981
21.981
21.981
21.981
21.981
21.981
21.981
21.981
21.981
21.981
21.981
21.981
21.982
21.982
21.982
21.982
21.982
21.982
21.982
21.982
21.982
21.982
21.982
21.982
21.982
21.982
21.982
21.982
21.982
21.982
21.983
21.983
21.983
21.983
21.983
21.983
21.983
21.983
21.983
21.983
21.983
21.983
22.047
22.047
22.047
22.047
22.047
22.047
22.047
22.047
22.047
22.048
22.048
22.048
22.127
22.127
22.127
22.127
22.127
22.127
22.127
22.127
22.127
22.127
22.127
22.127
22.127
22.127
22.127
22.127
22.127
22.127
22.127
22.127
22.127
22.127
22.127
22.127
22.136
22.136
22.136
22.136
22.136
22.136
22.137
22.137
22.137
22.137
22.137
22.137
22.137
22.137
22.137
22.137
22.137
22.137
22.137
22.137
22.137
22.137
22.137
22.137
22.264
22.264
22.264
22.264
22.264
22.264
22.265
22.265
22.265
22.265
22.265
22.265
22.389
22.389
22.389
22.389
22.389
22.389
22.39
22.39
22.39
22.39
22.39
22.39
22.391
22.391
22.391
22.391
22.391
22.391
22.392
22.392
22.392
22.392
22.392
22.392
22.42
22.42
22.42
22.42
22.42
22.42
22.422
22.422
22.422
22.422
22.422
22.422
22.422
22.422
22.422
22.422
22.422
22.422
22.423
22.423
22.423
22.423
22.423
22.423
22.423
22.423
22.423
22.423
22.423
22.423
22.424
22.424
22.424
22.424
22.424
22.424
22.424
22.424
22.424
22.424
22.424
22.424
22.426
22.426
22.426
22.426
22.426
22.426
22.461
22.461
22.461
22.461
22.461
22.461
22.461
22.461
22.461
22.462
22.462
22.462
22.462
22.462
22.462
22.462
22.462
22.462
22.462
22.462
22.462
22.464
22.464
22.464
22.465
22.465
22.465
22.465
22.465
22.465
22.466
22.466
22.466
22.466
22.466
22.466
22.611
22.611
22.611
22.611
22.611
22.611
22.612
22.612
22.612
22.612
22.612
22.612
22.613
22.613
22.613
22.613
22.613
22.613
22.614
22.614
22.614
22.614
22.614
22.614
22.662
22.662
22.662
22.663
22.663
22.663
22.666
22.666
22.666
22.666
22.666
22.666
22.666
22.666
22.666
22.666
22.666
22.666
22.67
22.67
22.67
22.67
22.67
22.67
22.708
22.708
22.708
22.708
22.708
22.708
22.709
22.709
22.709
22.709
22.709
22.709
22.711
22.711
22.711
22.711
22.711
22.711
22.711
22.711
22.711
22.712
22.712
22.712
23.041
23.041
23.041
23.041
23.041
23.041
23.042
23.042
23.042
23.042
23.042
23.042
23.045
23.045
23.045
23.045
23.045
23.045
23.045
23.045
23.045
23.045
23.045
23.045
23.137
23.137
23.137
23.137
23.137
23.137
23.137
23.137
23.137
23.138
23.138
23.138
23.138
23.138
23.138
23.138
23.138
23.138
23.138
23.138
23.138
23.138
23.138
23.138
23.14
23.14
23.14
23.141
23.141
23.141
23.141
23.141
23.141
23.141
23.141
23.141
23.141
23.141
23.141
23.141
23.141
23.141
23.142
23.142
23.142
23.142
23.142
23.142
23.152
23.153
23.153
23.153
23.153
23.153
23.153
23.153
23.153
23.153
23.153
23.153
23.153
23.153
23.153
23.153
23.153
23.153
23.153
23.153
23.153
23.153
23.153
23.153
23.237
23.237
23.237
23.237
23.237
23.237
23.239
23.239
23.239
23.239
23.239
23.239
23.241
23.241
23.241
23.241
23.241
23.241
23.243
23.243
23.243
23.243
23.243
23.243
23.447
23.447
23.447
23.448
23.448
23.448
23.448
23.448
23.448
23.449
23.449
23.449
23.449
23.449
23.449
23.45
23.45
23.45
23.45
23.45
23.45
23.45
23.45
23.45
23.461
23.461
23.461
23.461
23.461
23.461
23.464
23.464
23.464
23.464
23.464
23.464
23.465
23.465
23.465
23.465
23.465
23.465
23.468
23.468
23.468
23.468
23.468
23.468
23.536
23.536
23.536
23.536
23.536
23.536
23.538
23.538
23.538
23.538
23.538
23.538
23.54
23.54
23.54
23.54
23.54
23.54
23.543
23.543
23.543
23.543
23.543
23.543
23.55
23.55
23.55
23.55
23.55
23.55
23.55
23.55
23.55
23.55
23.55
23.55
23.55
23.55
23.55
23.55
23.55
23.55
23.55
23.55
23.55
23.55
23.55
23.55
23.55
23.55
23.55
23.55
23.55
23.55
23.55
23.55
23.55
23.55
23.55
23.55
23.55
23.55
23.55
23.55
23.55
23.55
23.55
23.55
23.55
23.55
23.55
23.55
23.611
23.611
23.611
23.611
23.611
23.611
23.611
23.611
23.611
23.611
23.611
23.611
23.612
23.612
23.612
23.612
23.612
23.612
23.612
23.612
23.612
23.612
23.612
23.612
23.612
23.612
23.612
23.612
23.612
23.612
23.612
23.612
23.612
23.612
23.612
23.612
23.613
23.613
23.613
23.613
23.613
23.613
23.613
23.613
23.613
23.613
23.613
23.613
23.635
23.635
23.635
23.635
23.635
23.635
23.637
23.637
23.637
23.637
23.637
23.637
23.637
23.637
23.637
23.637
23.637
23.637
23.637
23.637
23.637
23.637
23.637
23.637
23.637
23.637
23.637
23.637
23.637
23.637
23.637
23.637
23.637
23.638
23.638
23.638
23.638
23.638
23.638
23.638
23.638
23.638
23.638
23.638
23.638
23.638
23.638
23.638
23.638
23.638
23.638
23.638
23.638
23.638
23.638
23.638
23.638
23.638
23.638
23.638
23.639
23.639
23.64
23.64
23.64
23.64
23.642
23.642
23.642
23.642
23.642
23.642
23.657
23.657
23.657
23.657
23.657
23.657
23.659
23.659
23.659
23.659
23.659
23.659
23.659
23.659
23.659
23.66
23.66
23.66
23.66
23.66
23.66
23.66
23.66
23.66
23.661
23.661
23.661
23.661
23.661
23.661
23.662
23.662
23.662
23.662
23.662
23.662
23.663
23.663
23.663
23.663
23.663
23.663
23.663
23.663
23.663
23.663
23.663
23.663
23.664
23.664
23.664
23.664
23.664
23.664
23.666
23.666
23.666
23.666
23.666
23.666
23.666
23.666
23.666
23.667
23.667
23.667
23.67
23.67
23.67
23.67
23.67
23.67
23.68
23.68
23.68
23.681
23.681
23.681
23.681
23.681
23.681
23.682
23.682
23.682
23.682
23.682
23.682
23.683
23.683
23.683
23.683
23.684
23.684
23.684
23.684
23.684
23.684
23.684
23.684
23.684
23.684
23.684
23.684
23.684
23.684
23.685
23.685
23.685
23.685
23.685
23.685
23.685
23.685
23.685
23.686
23.686
23.686
23.686
23.686
23.686
23.686
23.686
23.686
23.686
23.686
23.686
23.687
23.687
23.687
23.687
23.687
23.687
23.689
23.689
23.689
23.69
23.69
23.69
23.69
23.69
23.69
23.692
23.692
23.692
23.694
23.694
23.694
23.698
23.698
23.698
23.707
23.707
23.707
23.707
23.707
23.707
23.709
23.709
23.709
23.709
23.709
23.71
23.71
23.71
23.71
23.71
23.71
23.71
23.711
23.711
23.711
23.711
23.711
23.711
23.712
23.712
23.712
23.712
23.713
23.713
23.714
23.714
23.714
23.714
23.714
23.714
23.714
23.714
23.714
23.714
23.714
23.714
23.716
23.716
23.716
23.716
23.716
23.716
23.736
23.736
23.736
23.736
23.736
23.736
23.739
23.739
23.739
23.739
23.739
23.739
23.739
23.739
23.739
23.739
23.739
23.739
23.739
23.739
23.742
23.742
23.742
23.742
23.742
23.742
23.743
23.743
23.743
23.743
23.743
23.743
23.743
23.743
23.743
23.743
23.743
23.743
23.744
23.744
23.744
23.744
23.744
23.744
23.744
23.744
23.744
23.744
23.744
23.744
23.745
23.745
23.745
23.745
23.745
23.745
23.745
23.745
23.745
23.745
23.745
23.745
23.746
23.746
23.746
23.746
23.746
23.746
23.787
23.787
23.787
23.787
23.787
23.787
23.787
23.787
23.787
23.787
23.787
23.787
23.787
23.787
23.787
23.787
23.787
23.788
23.788
23.788
23.788
23.788
23.788
23.788
23.87
23.87
23.87
23.874
23.874
23.874
23.874
23.874
23.874
23.878
23.878
23.878
24.077
24.077
24.077
24.079
24.079
24.079
24.079
24.079
24.08
24.08
24.08
24.08
24.08
24.081
24.081
24.081
24.081
24.081
24.082
24.082
24.082
24.082
24.082
24.082
24.082
24.083
24.083
24.083
24.084
24.084
24.084
24.084
24.084
24.085
24.085
24.085
24.086
24.086
24.086
24.087
24.087
24.087
24.088
24.088
24.088
24.089
24.089
24.09
24.338
24.338
24.338
24.338
24.338
24.338
24.338
24.338
24.338
24.338
24.338
24.338
24.338
24.338
24.338
24.338
24.338
24.338
24.338
24.338
24.338
24.338
24.338
24.338
24.342
24.342
24.342
24.342
24.342
24.342
24.342
24.342
24.342
24.342
24.342
24.342
24.342
24.342
24.342
24.342
24.342
24.342
24.342
24.342
24.342
24.342
24.342
24.342
24.409
24.409
24.409
24.409
24.409
24.409
24.409
24.409
24.409
24.409
24.409
24.409
24.409
24.409
24.409
24.409
24.409
24.409
24.409
24.409
24.409
24.41
24.41
24.41
24.413
24.413
24.413
24.413
24.413
24.413
24.413
24.413
24.413
24.413
24.413
24.413
24.413
24.413
24.413
24.413
24.413
24.413
24.413
24.413
24.413
24.413
24.413
24.413
24.419
24.419
24.419
24.419
24.419
24.419
24.422
24.422
24.422
24.422
24.422
24.422
24.422
24.422
24.422
24.423
24.423
24.423
24.424
24.424
24.424
24.424
24.424
24.424
24.426
24.426
24.426
24.426
24.426
24.426
24.427
24.427
24.427
24.427
24.427
24.428
24.428
24.428
24.428
24.428
24.428
24.428
24.431
24.431
24.431
24.431
24.431
24.431
24.492
24.492
24.492
24.492
24.492
24.492
24.492
24.492
24.492
24.492
24.492
24.492
24.496
24.496
24.496
24.496
24.496
24.496
24.496
24.497
24.497
24.497
24.497
24.497
24.536
24.536
24.536
24.536
24.536
24.536
24.536
24.536
24.536
24.536
24.536
24.537
24.537
24.537
24.537
24.537
24.537
24.537
24.537
24.537
24.537
24.537
24.537
24.537
24.557
24.557
24.557
24.557
24.557
24.557
24.56
24.56
24.56
24.56
24.56
24.56
24.562
24.562
24.562
24.562
24.562
24.562
24.565
24.565
24.565
24.565
24.565
24.565
24.639
24.639
24.639
24.639
24.639
24.639
24.643
24.643
24.643
24.643
24.643
24.643
24.643
24.643
24.643
24.643
24.643
24.643
24.647
24.647
24.647
24.647
24.647
24.647
24.81
24.81
24.81
24.81
24.81
24.81
24.81
24.81
24.81
24.81
24.81
24.81
24.81
24.81
24.81
24.81
24.81
24.81
24.81
24.81
24.81
24.81
24.81
24.81
24.838
24.838
24.838
24.838
24.838
24.838
24.838
24.838
24.838
24.838
24.838
24.838
24.838
24.838
24.838
24.838
24.838
24.838
24.838
24.838
24.838
24.838
24.838
24.838
24.838
24.838
24.838
24.839
24.839
24.839
24.839
24.839
24.839
24.839
24.839
24.839
24.839
24.839
24.839
24.839
24.839
24.839
24.839
24.839
24.839
24.839
24.839
24.839
24.855
24.855
24.855
24.855
24.855
24.855
24.855
24.855
24.855
24.855
24.855
24.855
24.855
24.855
24.855
24.855
24.855
24.855
24.855
24.855
24.855
24.856
24.856
24.856
24.905
24.905
24.905
24.905
24.905
24.905
24.908
24.908
24.908
24.908
24.908
24.908
24.952
24.952
24.952
24.956
24.956
24.956
24.956
24.956
24.956
24.958
24.958
24.958
24.959
24.959
24.959
24.961
24.961
24.961
24.961
24.961
24.961
24.965
24.965
24.965
25.141
25.141
25.141
25.141
25.141
25.141
25.144
25.144
25.144
25.144
25.144
25.144
25.146
25.146
25.146
25.146
25.146
25.146
25.15
25.15
25.15
25.15
25.15
25.15
25.197
25.197
25.197
25.197
25.199
25.199
25.199
25.199
25.199
25.199
25.199
25.199
25.203
25.203
25.203
25.203
25.203
25.203
25.203
25.203
25.206
25.206
25.206
25.206
25.342
25.342
25.342
25.348
25.348
25.348
25.39
25.39
25.39
25.394
25.394
25.394
25.394
25.394
25.394
25.398
25.398
25.398
25.492
25.492
25.492
25.492
25.492
25.492
25.492
25.492
25.492
25.492
25.492
25.492
25.496
25.496
25.496
25.496
25.496
25.496
25.496
25.496
25.496
25.496
25.496
25.496
25.505
25.505
25.505
25.505
25.505
25.505
25.505
25.505
25.505
25.505
25.505
25.505
25.505
25.505
25.505
25.505
25.505
25.505
25.506
25.506
25.506
25.506
25.506
25.506
25.65
25.65
25.65
25.65
25.65
25.65
25.653
25.653
25.653
25.653
25.653
25.653
25.842
25.842
25.842
25.842
25.907
25.907
25.907
