0
0
0
2.9546
2.9633
2.9668
2.969
2.9732
2.9776
2.9852
2.9902
2.9908
2.9917
2.9991
3.0024
3.3816
3.3888
3.3892
3.4008
3.4013
3.4019
3.41
3.4112
3.4115
3.417
3.4177
3.4276
4.4036
4.406
4.4084
4.4123
4.4134
4.416
4.419
4.4226
4.4242
4.4267
4.4277
4.4301
4.4334
4.4373
4.4376
4.4401
4.4811
4.486
4.5024
4.5083
4.5132
4.5185
4.7935
4.7973
4.799
4.8006
4.8118
4.8146
4.8192
4.8251
4.8326
4.8348
4.8429
4.8481
5.5499
5.5619
5.5627
5.5643
5.5688
5.5708
5.5764
5.583
5.5852
5.595
5.5994
5.6075
5.6081
5.611
5.6167
5.6207
5.6248
5.629
5.6311
5.6382
5.6432
5.6485
5.6533
5.6624
5.8621
5.872
5.8792
5.8943
5.8974
5.907
5.9208
5.9281
5.9399
5.9534
5.9567
5.9712
6.0435
6.0479
6.0554
6.0569
6.0652
6.0707
6.0765
6.079
6.0835
6.09
6.0924
6.0985
6.1032
6.1113
6.1127
6.1148
6.1166
6.12
6.1223
6.1249
6.1333
6.136
6.1432
6.1501
6.493
6.5117
6.52
6.5293
6.5384
6.5446
6.5501
6.5585
6.5595
6.5641
6.5677
6.576
6.5779
6.5803
6.5854
6.5904
6.5988
6.6026
6.6064
6.6123
6.6184
6.6219
6.6259
6.6292
6.635
6.6402
6.645
6.6497
6.6517
6.6559
6.6641
6.671
6.6731
6.6783
6.6845
6.6865
6.9953
7.0033
7.0096
7.018
7.0188
7.0247
7.0292
7.0328
7.0375
7.0434
7.047
7.0491
7.0563
7.0576
7.0597
7.0641
7.0673
7.0776
7.0794
7.0841
7.088
7.0911
7.0933
7.1019
7.2452
7.2482
7.2661
7.2682
7.2763
7.2878
7.2918
7.299
7.307
7.3107
7.3158
7.3245
7.4033
7.4154
7.4276
7.4388
7.4462
7.4586
7.464
7.4695
7.4741
7.4812
7.485
7.4884
7.4919
7.4972
7.5016
7.5024
7.5091
7.5148
7.5241
7.5282
7.5398
7.542
7.5472
7.5562
7.923
7.9502
7.9745
7.9793
7.9798
7.9864
7.9971
8.0107
8.0172
8.0194
8.0251
8.0381
8.0431
8.0492
8.0584
8.0722
8.0756
8.0795
8.0883
8.0891
8.0922
8.0973
8.1019
8.1028
8.1099
8.111
8.1209
8.1243
8.1292
8.1324
8.1371
8.1401
8.1479
8.1515
8.1548
8.1578
8.1632
8.1648
8.1752
8.1796
8.3175
8.3337
8.3462
8.3487
8.3564
8.3696
8.373
8.385
8.3986
8.3999
8.4036
8.4077
8.4145
8.4173
8.4213
8.4256
8.4302
8.4316
8.4374
8.4429
8.4462
8.4483
8.4581
8.4596
8.4698
8.4721
8.4767
8.4845
8.4882
8.4917
8.4917
8.4967
8.4993
8.5018
8.5048
8.5102
8.5114
8.5149
8.5175
8.5194
8.5222
8.5354
8.5367
8.5425
8.5434
8.547
8.5517
8.5563
8.5605
8.5696
8.5706
8.582
8.586
8.5923
8.5973
8.6001
8.6015
8.6111
8.613
8.6198
8.6219
8.625
8.6298
8.6336
8.6351
8.638
8.6464
8.6499
8.652
8.6558
8.6591
8.6653
8.6827
8.6993
8.7017
8.7056
8.71
8.7133
8.723
8.7269
8.7377
8.7416
8.7453
8.7475
8.749
8.7545
8.7593
8.7654
8.7691
8.772
8.7772
8.779
8.7813
8.7847
8.7857
8.7962
8.7983
8.802
8.8058
8.8072
8.8123
8.8148
8.8217
8.8269
8.8295
8.8345
8.8366
8.8457
8.8788
8.8907
8.903
8.9122
8.922
8.9276
8.9371
8.9408
8.9447
8.9505
8.957
8.9632
8.9674
8.9717
8.9762
8.9808
8.9875
8.9885
8.9916
8.9957
9.0013
9.0075
9.0137
9.016
9.0181
9.021
9.0246
9.0285
9.0304
9.0326
9.0363
9.0389
9.0432
9.0473
9.0485
9.0531
9.0547
9.0587
9.0634
9.0657
9.0668
9.0723
9.0758
9.0778
9.0813
9.0873
9.0888
9.0951
9.0972
9.105
9.1072
9.1102
9.1165
9.1259
9.2326
9.241
9.2466
9.2491
9.2537
9.2557
9.261
9.2681
9.2704
9.2751
9.2778
9.2801
9.2851
9.2869
9.292
9.2975
9.2997
9.3065
9.3108
9.3153
9.3175
9.322
9.3251
9.3281
9.33
9.3319
9.3341
9.3376
9.3466
9.3538
9.355
9.3589
9.3927
9.3978
9.4006
9.4103
9.4205
9.4285
9.4366
9.4452
9.4495
9.4625
9.4689
9.4774
9.5405
9.5444
9.553
9.5555
9.5624
9.573
9.5761
9.5809
9.5821
9.5927
9.5948
9.6029
9.6045
9.6093
9.6128
9.6154
9.6182
9.6207
9.6234
9.6283
9.6298
9.6348
9.6374
9.6455
9.6486
9.6553
9.6568
9.659
9.6648
9.6686
9.671
9.6749
9.6788
9.6817
9.686
9.6902
9.6917
9.693
9.6993
9.7038
9.706
9.7093
9.7159
9.7178
9.7246
9.7276
9.7315
9.7372
9.74
9.7416
9.7428
9.747
9.7532
9.7592
9.7625
9.7648
9.7684
9.7736
9.7834
9.7995
9.9142
9.9228
9.9284
9.9307
9.9339
9.9442
9.9474
9.9543
9.9659
9.9689
9.9803
9.9849
9.9888
9.9916
9.9989
10.002
10.01
10.015
10.018
10.024
10.035
10.036
10.041
10.058
10.105
10.116
10.13
10.137
10.147
10.153
10.163
10.168
10.175
10.181
10.188
10.194
10.198
10.203
10.214
10.22
10.224
10.23
10.234
10.241
10.242
10.245
10.251
10.259
10.274
10.301
10.31
10.319
10.349
10.357
10.371
10.377
10.382
10.386
10.401
10.406
10.407
10.42
10.426
10.436
10.442
10.445
10.451
10.46
10.466
10.468
10.472
10.475
10.479
10.485
10.494
10.499
10.503
10.507
10.513
10.515
10.518
10.524
10.526
10.53
10.535
10.538
10.538
10.545
10.548
10.551
10.552
10.556
10.557
10.564
10.572
10.576
10.577
10.58
10.586
10.588
10.594
10.596
10.601
10.602
10.604
10.61
10.617
10.618
10.621
10.623
10.627
10.63
10.634
10.635
10.64
10.643
10.644
10.646
10.65
10.653
10.655
10.658
10.663
10.664
10.669
10.671
10.672
10.676
10.679
10.679
10.686
10.689
10.691
10.694
10.696
10.699
10.705
10.705
10.709
10.711
10.714
10.717
10.72
10.724
10.727
10.728
10.73
10.732
10.736
10.738
10.74
10.743
10.744
10.745
10.746
10.75
10.753
10.755
10.755
10.758
10.76
10.762
10.763
10.765
10.768
10.769
10.771
10.776
10.777
10.779
10.781
10.785
10.788
10.79
10.791
10.794
10.799
10.8
10.803
10.804
10.807
10.808
10.811
10.814
10.818
10.819
10.821
10.825
10.826
10.828
10.829
10.832
10.833
10.835
10.838
10.84
10.841
10.848
10.849
10.851
10.854
10.855
10.859
10.862
10.864
10.865
10.867
10.869
10.87
10.871
10.874
10.874
10.876
10.878
10.881
10.886
10.887
10.888
10.893
10.894
10.897
10.898
10.902
10.903
10.907
10.908
10.91
10.912
10.917
10.918
10.923
10.925
10.925
10.93
10.931
10.933
10.935
10.937
10.939
10.942
10.943
10.945
10.947
10.951
10.951
10.955
10.959
10.961
10.962
10.966
10.967
10.974
10.974
10.976
10.979
10.981
10.982
10.984
10.987
10.988
10.992
10.995
10.997
11
11
11.003
11.005
11.007
11.011
11.013
11.016
11.018
11.02
11.023
11.025
11.027
11.029
11.03
11.032
11.034
11.039
11.042
11.044
11.045
11.047
11.052
11.052
11.055
11.059
11.059
11.064
11.065
11.067
11.069
11.072
11.075
11.076
11.078
11.08
11.083
11.084
11.089
11.09
11.092
11.094
11.095
11.098
11.102
11.106
11.107
11.109
11.113
11.115
11.118
11.119
11.124
11.125
11.128
11.128
11.134
11.135
11.137
11.14
11.141
11.148
11.15
11.152
11.153
11.155
11.159
11.162
11.165
11.167
11.168
11.172
11.174
11.176
11.178
11.183
11.187
11.189
11.19
11.196
11.199
11.201
11.203
11.207
11.209
11.212
11.215
11.22
11.222
11.224
11.226
11.231
11.236
11.241
11.242
11.246
11.255
11.257
11.261
11.268
11.27
11.276
11.278
11.281
11.287
11.291
11.294
11.301
11.305
11.306
11.312
11.314
11.32
11.321
11.322
11.325
11.329
11.333
11.337
11.339
11.345
11.345
11.347
11.354
11.355
11.358
11.361
11.364
11.366
11.368
11.371
11.372
11.373
11.378
11.381
11.383
11.386
11.389
11.391
11.396
11.399
11.401
11.405
11.407
11.408
11.411
11.414
11.416
11.419
11.422
11.423
11.427
11.429
11.433
11.434
11.436
11.441
11.444
11.445
11.447
11.449
11.45
11.454
11.455
11.46
11.46
11.462
11.466
11.468
11.473
11.475
11.478
11.479
11.484
11.488
11.488
11.492
11.493
11.495
11.497
11.499
11.501
11.506
11.506
11.508
11.512
11.514
11.516
11.522
11.523
11.524
11.527
11.53
11.532
11.534
11.535
11.539
11.542
11.545
11.546
11.549
11.55
11.55
11.555
11.557
11.56
11.564
11.567
11.57
11.571
11.573
11.576
11.578
11.581
11.584
11.587
11.588
11.59
11.592
11.595
11.598
11.599
11.6
11.601
11.606
11.607
11.611
11.614
11.615
11.619
11.622
11.625
11.628
11.629
11.633
11.635
11.637
11.638
11.64
11.643
11.644
11.65
11.652
11.653
11.658
11.658
11.66
11.665
11.667
11.669
11.671
11.673
11.676
11.679
11.682
11.685
11.688
11.691
11.693
11.696
11.697
11.701
11.706
11.709
11.713
11.716
11.718
11.72
11.723
11.725
11.728
11.728
11.732
11.735
11.737
11.742
11.744
11.745
11.747
11.748
11.752
11.756
11.76
11.763
11.765
11.768
11.77
11.773
11.776
11.778
11.781
11.786
11.787
11.789
11.791
11.793
11.795
11.8
11.804
11.809
11.81
11.813
11.815
11.819
11.821
11.826
11.828
11.832
11.836
11.838
11.841
11.844
11.85
11.851
11.856
11.861
11.865
11.868
11.869
11.873
11.876
11.879
11.885
11.885
11.892
11.898
11.901
11.903
11.905
11.914
11.917
11.92
11.921
11.927
11.93
11.933
11.935
11.935
11.942
11.943
11.95
11.953
11.956
11.96
11.961
11.966
11.97
11.973
11.976
11.98
11.985
11.989
11.992
11.994
11.995
11.998
12
12.003
12.008
12.012
12.015
12.019
12.022
12.025
12.028
12.03
12.031
12.039
12.039
12.042
12.045
12.051
12.052
12.054
12.058
12.06
12.063
12.069
12.071
12.074
12.077
12.079
12.083
12.084
12.085
12.09
12.091
12.095
12.098
12.101
12.105
12.107
12.111
12.112
12.117
12.118
12.124
12.125
12.127
12.13
12.133
12.136
12.141
12.144
12.149
12.151
12.152
12.157
12.159
12.164
12.166
12.171
12.173
12.176
12.18
12.181
12.186
12.187
12.193
12.197
12.201
12.205
12.209
12.211
12.214
12.216
12.218
12.22
12.222
12.228
12.231
12.236
12.238
12.24
12.244
12.245
12.248
12.252
12.255
12.26
12.262
12.267
12.27
12.272
12.278
12.278
12.283
12.286
12.289
12.29
12.293
12.294
12.297
12.303
12.306
12.307
12.312
12.316
12.317
12.319
12.321
12.326
12.328
12.329
12.331
12.338
12.341
12.346
12.349
12.353
12.356
12.356
12.362
12.367
12.368
12.37
12.375
12.377
12.38
12.382
12.386
12.388
12.389
12.392
12.398
12.399
12.404
12.407
12.41
12.413
12.415
12.415
12.42
12.426
12.426
12.427
12.428
12.431
12.437
12.438
12.441
12.444
12.448
12.449
12.453
12.454
12.457
12.462
12.464
12.467
12.469
12.474
12.477
12.48
12.48
12.483
12.486
12.487
12.488
12.492
12.494
12.496
12.499
12.503
12.505
12.506
12.51
12.515
12.516
12.52
12.52
12.523
12.528
12.529
12.533
12.535
12.535
12.54
12.545
12.546
12.55
12.551
12.552
12.553
12.555
12.56
12.561
12.563
12.564
12.569
12.571
12.574
12.575
12.576
12.579
12.579
12.582
12.584
12.587
12.59
12.594
12.596
12.597
12.599
12.602
12.604
12.606
12.609
12.611
12.614
12.615
12.62
12.621
12.626
12.626
12.629
12.631
12.632
12.634
12.636
12.637
12.639
12.641
12.644
12.648
12.65
12.652
12.653
12.658
12.66
12.661
12.663
12.664
12.669
12.672
12.675
12.677
12.679
12.68
12.683
12.684
12.685
12.689
12.691
12.694
12.695
12.696
12.697
12.7
12.702
12.706
12.706
12.709
12.71
12.715
12.717
12.718
12.72
12.722
12.723
12.725
12.727
12.729
12.733
12.735
12.736
12.738
12.74
12.742
12.745
12.747
12.749
12.751
12.753
12.755
12.756
12.758
12.76
12.761
12.766
12.768
12.77
12.772
12.774
12.776
12.778
12.779
12.781
12.781
12.785
12.786
12.787
12.789
12.793
12.793
12.796
12.796
12.801
12.802
12.804
12.808
12.809
12.81
12.813
12.813
12.817
12.818
12.82
12.82
12.824
12.825
12.826
12.828
12.832
12.833
12.834
12.836
12.838
12.84
12.842
12.844
12.845
12.847
12.848
12.851
12.853
12.855
12.858
12.86
12.863
12.863
12.867
12.869
12.87
12.871
12.872
12.876
12.878
12.879
12.88
12.882
12.884
12.886
12.888
12.89
12.892
12.892
12.895
12.897
12.899
12.902
12.904
12.906
12.909
12.91
12.914
12.914
12.914
12.916
12.92
12.921
12.923
12.924
12.925
12.927
12.928
12.932
12.933
12.935
12.938
12.939
12.94
12.942
12.945
12.946
12.947
12.949
12.951
12.955
12.956
12.956
12.96
12.961
12.964
12.966
12.967
12.969
12.97
12.971
12.973
12.975
12.977
12.978
12.979
12.983
12.985
12.988
12.989
12.992
12.993
12.995
12.997
13
13.002
13.004
13.005
13.007
13.008
13.009
13.013
13.014
13.017
13.02
13.021
13.022
13.024
13.026
13.028
13.029
13.032
13.034
13.035
13.038
13.04
13.042
13.044
13.045
13.049
13.05
13.05
13.053
13.057
13.058
13.061
13.063
13.065
13.066
13.067
13.072
13.073
13.076
13.077
13.079
13.08
13.082
13.084
13.087
13.09
13.091
13.093
13.093
13.095
13.098
13.099
13.103
13.104
13.108
13.11
13.113
13.115
13.116
13.117
13.119
13.122
13.124
13.128
13.13
13.131
13.134
13.135
13.136
13.14
13.142
13.142
13.146
13.15
13.152
13.153
13.155
13.157
13.16
13.162
13.165
13.166
13.168
13.171
13.172
13.175
13.176
13.179
13.183
13.184
13.187
13.189
13.19
13.192
13.195
13.197
13.2
13.202
13.204
13.204
13.208
13.208
13.21
13.215
13.217
13.219
13.22
13.223
13.225
13.226
13.228
13.23
13.234
13.236
13.238
13.24
13.241
13.242
13.243
13.248
13.251
13.252
13.254
13.258
13.259
13.261
13.263
13.266
13.267
13.271
13.272
13.276
13.277
13.28
13.28
13.285
13.286
13.289
13.29
13.292
13.294
13.299
13.301
13.302
13.304
13.309
13.311
13.313
13.314
13.316
13.321
13.324
13.326
13.328
13.33
13.331
13.334
13.337
13.339
13.339
13.342
13.345
13.348
13.349
13.354
13.358
13.36
13.361
13.365
13.369
13.374
13.374
13.375
13.378
13.38
13.383
13.384
13.386
13.39
13.393
13.395
13.397
13.398
13.4
13.403
13.404
13.408
13.409
13.412
13.414
13.417
13.419
13.422
13.424
13.426
13.429
13.431
13.434
13.438
13.439
13.44
13.443
13.444
13.446
13.448
13.451
13.454
13.455
13.457
13.461
13.463
13.466
13.468
13.472
13.474
13.475
13.477
13.478
13.48
13.481
13.486
13.487
13.491
13.494
13.496
13.498
13.5
13.503
13.503
13.509
13.51
13.512
13.516
13.517
13.52
13.523
13.524
13.527
13.528
13.532
13.537
13.54
13.54
13.543
13.547
13.548
13.551
13.552
13.557
13.559
13.56
13.564
13.567
13.569
13.57
13.572
13.574
13.575
13.579
13.58
13.582
13.584
13.588
13.589
13.593
13.595
13.596
13.597
13.6
13.605
13.607
13.609
13.612
13.614
13.616
13.618
13.623
13.627
13.628
13.629
13.635
13.637
13.64
13.641
13.644
13.646
13.647
13.65
13.652
13.655
13.656
13.66
13.665
13.668
13.672
13.674
13.678
13.678
13.679
13.683
13.684
13.687
13.692
13.694
13.698
13.7
13.702
13.706
13.708
13.708
13.712
13.714
13.716
13.72
13.722
13.723
13.725
13.729
13.731
13.731
13.737
13.738
13.743
13.747
13.748
13.751
13.752
13.755
13.759
13.761
13.763
13.765
13.769
13.771
13.774
13.775
13.778
13.781
13.784
13.788
13.79
13.792
13.795
13.797
13.8
13.803
13.804
13.808
13.811
13.813
13.817
13.818
13.822
13.825
13.827
13.828
13.835
13.837
13.839
13.842
13.844
13.847
13.85
13.853
13.855
13.858
13.86
13.865
13.868
13.868
13.871
13.874
13.879
13.882
13.883
13.887
13.89
13.895
13.896
13.899
13.901
13.902
13.906
13.907
13.91
13.913
13.914
13.917
13.918
13.92
13.924
13.926
13.931
13.933
13.935
13.937
13.939
13.941
13.944
13.948
13.952
13.957
13.957
13.959
13.962
13.964
13.966
13.971
13.973
13.973
13.976
13.977
13.981
13.989
13.99
13.992
13.994
13.997
13.999
13.999
14.003
14.005
14.008
14.01
14.012
14.014
14.018
14.023
14.026
14.028
14.029
14.031
14.035
14.038
14.042
14.043
14.045
14.047
14.05
14.051
14.052
14.058
14.059
14.061
14.063
14.063
14.068
14.07
14.071
14.073
14.075
14.079
14.083
14.087
14.089
14.091
14.092
14.093
14.095
14.098
14.1
14.102
14.103
14.107
14.11
14.112
14.113
14.116
14.122
14.123
14.126
14.126
14.129
14.134
14.135
14.137
14.139
14.143
14.143
14.147
14.15
14.151
14.153
14.155
14.162
14.164
14.165
14.167
14.168
14.172
14.175
14.176
14.179
14.182
14.184
14.187
14.19
14.193
14.196
14.196
14.199
14.202
14.205
14.206
14.21
14.213
14.214
14.22
14.221
14.226
14.226
14.228
14.23
14.233
14.235
14.237
14.239
14.242
14.245
14.247
14.249
14.253
14.254
14.256
14.258
14.261
14.265
14.267
14.269
14.271
14.273
14.276
14.281
14.283
14.286
14.286
14.287
14.289
14.291
14.293
14.299
14.303
14.304
14.306
14.308
14.312
14.315
14.32
14.321
14.323
14.327
14.328
14.332
14.333
14.334
14.339
14.34
14.344
14.346
14.351
14.351
14.354
14.356
14.358
14.361
14.364
14.367
14.368
14.375
14.376
14.379
14.379
14.382
14.385
14.386
14.39
14.391
14.397
14.398
14.399
14.405
14.408
14.41
14.411
14.414
14.415
14.418
14.419
14.423
14.425
14.429
14.431
14.432
14.433
14.436
14.437
14.442
14.443
14.446
14.449
14.452
14.454
14.458
14.459
14.462
14.464
14.469
14.47
14.472
14.474
14.48
14.48
14.481
14.482
14.488
14.489
14.49
14.493
14.495
14.497
14.501
14.503
14.505
14.507
14.512
14.515
14.516
14.516
14.52
14.524
14.524
14.527
14.528
14.531
14.535
14.538
14.539
14.546
14.547
14.549
14.551
14.551
14.557
14.558
14.559
14.561
14.566
14.569
14.572
14.573
14.576
14.577
14.579
14.582
14.587
14.588
14.591
14.591
14.595
14.597
14.599
14.602
14.603
14.605
14.608
14.61
14.611
14.613
14.617
14.62
14.621
14.622
14.624
14.625
14.63
14.632
14.634
14.634
14.636
14.637
14.641
14.645
14.648
14.649
14.652
14.654
14.655
14.656
14.659
14.661
14.663
14.665
14.669
14.671
14.672
14.675
14.677
14.68
14.68
14.682
14.685
14.687
14.688
14.691
14.694
14.695
14.698
14.7
14.701
14.705
14.706
14.709
14.713
14.714
14.716
14.717
14.718
14.721
14.722
14.723
14.725
14.728
14.731
14.731
14.733
14.735
14.737
14.741
14.743
14.745
14.746
14.748
14.749
14.752
14.753
14.757
14.758
14.758
14.76
14.765
14.766
14.772
14.773
14.773
14.776
14.778
14.779
14.782
14.783
14.786
14.788
14.788
14.79
14.793
14.793
14.798
14.799
14.801
14.802
14.803
14.805
14.806
14.808
14.81
14.814
14.816
14.818
14.82
14.822
14.824
14.826
14.826
14.829
14.831
14.833
14.835
14.837
14.84
14.841
14.842
14.846
14.846
14.847
14.85
14.852
14.853
14.855
14.857
14.859
14.862
14.863
14.865
14.869
14.871
14.872
14.873
14.875
14.877
14.878
14.88
14.881
14.882
14.884
14.886
14.887
14.89
14.892
14.893
14.895
14.898
14.9
14.9
14.901
14.905
14.908
14.909
14.911
14.913
14.914
14.916
14.918
14.921
14.922
14.922
14.924
14.926
14.928
14.928
14.931
14.933
14.935
14.935
14.938
14.941
14.942
14.944
14.946
14.948
14.949
14.95
14.951
14.956
14.956
14.958
14.961
14.962
14.964
14.966
14.967
14.97
14.971
14.972
14.973
14.975
14.977
14.98
14.982
14.984
14.985
14.988
14.99
14.992
14.993
14.993
14.995
14.996
15
15.002
15.003
15.004
15.005
15.006
15.007
15.011
15.013
15.016
15.017
15.018
15.019
15.022
15.022
15.023
15.026
15.028
15.03
15.032
15.033
15.035
15.036
15.038
15.04
15.041
15.043
15.045
15.046
15.047
15.049
15.049
15.051
15.054
15.055
15.057
15.059
15.061
15.062
15.067
15.069
15.069
15.071
15.071
15.073
15.075
15.077
15.079
15.08
15.084
15.086
15.087
15.088
15.09
15.092
15.095
15.096
15.097
15.1
15.101
15.104
15.105
15.107
15.107
15.111
15.112
15.116
15.116
15.118
15.119
15.122
15.124
15.124
15.128
15.129
15.13
15.132
15.137
15.139
15.141
15.142
15.144
15.145
15.146
15.149
15.151
15.153
15.154
15.155
15.157
15.159
15.162
15.163
15.166
15.168
15.17
15.17
15.173
15.174
15.177
15.18
15.181
15.186
15.187
15.188
15.191
15.194
15.195
15.197
15.199
15.201
15.202
15.206
15.209
15.212
15.213
15.213
15.217
15.218
15.22
15.22
15.224
15.225
15.228
15.229
15.23
15.233
15.234
15.238
15.239
15.243
15.245
15.246
15.25
15.25
15.252
15.254
15.256
15.257
15.261
15.262
15.264
15.267
15.271
15.273
15.277
15.279
15.279
15.284
15.284
15.287
15.291
15.293
15.294
15.296
15.299
15.301
15.303
15.304
15.307
15.308
15.312
15.313
15.315
15.318
15.319
15.321
15.322
15.328
15.329
15.331
15.335
15.339
15.339
15.341
15.343
15.346
15.348
15.35
15.353
15.354
15.358
15.36
15.362
15.362
15.365
15.368
15.372
15.373
15.376
15.379
15.379
15.38
15.382
15.383
15.389
15.39
15.392
15.395
15.399
15.401
15.401
15.404
15.407
15.411
15.414
15.415
15.415
15.42
15.421
15.424
15.427
15.431
15.433
15.435
15.436
15.441
15.442
15.445
15.445
15.447
15.448
15.451
15.453
15.454
15.458
15.459
15.461
15.464
15.467
15.47
15.474
15.476
15.48
15.48
15.483
15.484
15.486
15.49
15.492
15.493
15.496
15.497
15.499
15.502
15.503
15.505
15.507
15.51
15.512
15.515
15.518
15.519
15.519
15.524
15.525
15.527
15.53
15.531
15.533
15.534
15.538
15.539
15.542
15.543
15.543
15.545
15.547
15.552
15.553
15.556
15.56
15.562
15.564
15.566
15.568
15.571
15.574
15.576
15.578
15.579
15.581
15.583
15.584
15.589
15.591
15.594
15.596
15.599
15.601
15.603
15.604
15.605
15.608
15.609
15.61
15.616
15.618
15.621
15.623
15.625
15.627
15.632
15.633
15.636
15.637
15.637
15.642
15.644
15.644
15.647
15.65
15.654
15.655
15.655
15.656
15.658
15.663
15.664
15.668
15.67
15.673
15.674
15.676
15.677
15.681
15.685
15.686
15.689
15.69
15.692
15.693
15.696
15.697
15.7
15.701
15.705
15.708
15.709
15.713
15.715
15.717
15.721
15.722
15.723
15.727
15.729
15.73
15.732
15.734
15.736
15.737
15.738
15.742
15.744
15.747
15.748
15.752
15.754
15.756
15.761
15.763
15.765
15.766
15.768
15.769
15.771
15.773
15.775
15.776
15.778
15.78
15.785
15.787
15.79
15.791
15.793
15.794
15.797
15.798
15.803
15.806
15.807
15.811
15.812
15.814
15.816
15.819
15.819
15.824
15.825
15.825
15.829
15.831
15.835
15.837
15.839
15.841
15.843
15.844
15.847
15.848
15.851
15.853
15.857
15.86
15.863
15.866
15.869
15.871
15.875
15.876
15.878
15.88
15.881
15.883
15.884
15.888
15.89
15.892
15.896
15.898
15.9
15.903
15.904
15.908
15.91
15.913
15.916
15.918
15.92
15.922
15.924
15.926
15.927
15.932
15.935
15.938
15.939
15.94
15.941
15.944
15.946
15.947
15.952
15.954
15.955
15.959
15.964
15.965
15.967
15.969
15.972
15.974
15.975
15.98
15.981
15.984
15.987
15.988
15.99
15.991
15.994
15.996
15.999
16.003
16.005
16.007
16.009
16.011
16.014
16.016
16.018
16.02
16.023
16.023
16.024
16.028
16.031
16.032
16.034
16.036
16.037
16.042
16.048
16.05
16.051
16.054
16.055
16.06
16.061
16.064
16.066
16.067
16.07
16.072
16.073
16.077
16.08
16.082
16.083
16.084
16.088
16.093
16.093
16.097
16.099
16.101
16.103
16.105
16.11
16.111
16.116
16.117
16.118
16.12
16.123
16.126
16.127
16.128
16.131
16.133
16.136
16.138
16.14
16.142
16.147
16.148
16.151
16.152
16.153
16.157
16.163
16.163
16.166
16.167
16.173
16.174
16.174
16.177
16.179
16.184
16.184
16.19
16.193
16.197
16.199
16.2
16.202
16.205
16.207
16.211
16.213
16.213
16.215
16.217
16.221
16.222
16.227
16.23
16.232
16.235
16.235
16.239
16.239
16.242
16.244
16.247
16.25
16.252
16.255
16.256
16.257
16.261
16.262
16.265
16.266
16.272
16.274
16.275
16.278
16.282
16.285
16.288
16.29
16.292
16.293
16.296
16.302
16.303
16.306
16.308
16.311
16.314
16.314
16.316
16.318
16.322
16.323
16.329
16.329
16.332
16.334
16.336
16.338
16.341
16.347
16.349
16.35
16.353
16.353
16.354
16.358
16.362
16.362
16.364
16.367
16.368
16.369
16.376
16.377
16.378
16.383
16.384
16.387
16.389
16.391
16.394
16.399
16.399
16.403
16.407
16.407
16.408
16.414
16.414
16.417
16.42
16.421
16.423
16.425
16.428
16.429
16.431
16.433
16.435
16.438
16.441
16.442
16.445
16.447
16.448
16.449
16.451
16.454
16.456
16.459
16.46
16.464
16.469
16.471
16.471
16.472
16.477
16.477
16.48
16.483
16.485
16.487
16.489
16.492
16.494
16.495
16.498
16.499
16.502
16.503
16.507
16.507
16.51
16.513
16.513
16.516
16.519
16.521
16.523
16.525
16.529
16.53
16.533
16.536
16.537
16.538
16.539
16.542
16.546
16.548
16.55
16.551
16.555
16.556
16.557
16.558
16.562
16.565
16.568
16.569
16.57
16.572
16.574
16.575
16.579
16.582
16.583
16.586
16.588
16.589
16.593
16.594
16.596
16.597
16.599
16.605
16.605
16.606
16.607
16.609
16.611
16.614
16.615
16.618
16.62
16.622
16.624
16.627
16.627
16.628
16.63
16.634
16.637
16.638
16.639
16.642
16.643
16.646
16.648
16.65
16.652
16.655
16.657
16.658
16.659
16.661
16.664
16.665
16.666
16.671
16.672
16.673
16.675
16.677
16.68
16.681
16.684
16.686
16.688
16.69
16.692
16.693
16.694
16.698
16.701
16.701
16.703
16.704
16.707
16.709
16.709
16.71
16.714
16.714
16.717
16.721
16.723
16.724
16.727
16.728
16.732
16.733
16.734
16.738
16.738
16.741
16.742
16.743
16.745
16.748
16.751
16.752
16.755
16.755
16.758
16.76
16.765
16.766
16.768
16.77
16.771
16.772
16.773
16.775
16.778
16.781
16.783
16.785
16.785
16.788
16.791
16.792
16.794
16.795
16.796
16.799
16.802
16.803
16.804
16.808
16.81
16.811
16.813
16.815
16.818
16.821
16.823
16.824
16.825
16.828
16.832
16.833
16.835
16.837
16.839
16.84
16.842
16.843
16.845
16.847
16.851
16.852
16.855
16.856
16.857
16.858
16.861
16.865
16.866
16.868
16.869
16.872
16.873
16.877
16.878
16.88
16.881
16.883
16.885
16.886
16.891
16.893
16.894
16.898
16.9
16.901
16.904
16.907
16.907
16.91
16.912
16.916
16.92
16.922
16.924
16.926
16.927
16.929
16.93
16.933
16.933
16.941
16.943
16.946
16.947
16.951
16.954
16.956
16.958
16.959
16.961
16.965
16.968
16.97
16.972
16.973
16.981
16.982
16.985
16.988
16.993
16.998
17
17
17.003
17.008
17.01
17.012
17.015
17.019
17.021
17.027
17.029
17.031
17.034
17.035
17.038
17.04
17.044
17.048
17.051
17.052
17.058
17.06
17.062
17.064
17.066
17.068
17.07
17.077
17.079
17.081
17.085
17.088
17.092
17.092
17.097
17.099
17.105
17.106
17.108
17.109
17.114
17.116
17.119
17.123
17.127
17.128
17.133
17.135
17.141
17.143
17.147
17.149
17.153
17.153
17.156
17.16
17.164
17.166
17.168
17.173
17.174
17.177
17.181
17.182
17.185
17.188
17.192
17.196
17.197
17.2
17.202
17.206
17.208
17.209
17.211
17.213
17.218
17.221
17.221
17.225
17.227
17.231
17.236
17.24
17.243
17.246
17.246
17.248
17.25
17.255
17.26
17.261
17.262
17.266
17.27
17.273
17.277
17.278
17.28
17.281
17.285
17.288
17.29
17.292
17.293
17.295
17.299
17.302
17.304
17.307
17.308
17.312
17.314
17.317
17.32
17.323
17.323
17.326
17.327
17.332
17.334
17.336
17.34
17.341
17.345
17.349
17.35
17.35
17.353
17.358
17.361
17.362
17.364
17.368
17.37
17.372
17.376
17.377
17.381
17.383
17.383
17.387
17.389
17.391
17.396
17.398
17.399
17.404
17.406
17.407
17.41
17.412
17.413
17.416
17.421
17.421
17.423
17.425
17.426
17.428
17.432
17.435
17.437
17.439
17.444
17.444
17.447
17.451
17.452
17.453
17.455
17.456
17.462
17.464
17.467
17.468
17.47
17.472
17.473
17.475
17.477
17.479
17.483
17.485
17.486
17.489
17.491
17.493
17.497
17.501
17.502
17.503
17.506
17.507
17.509
17.512
17.517
17.518
17.519
17.52
17.524
17.526
17.526
17.529
17.532
17.534
17.534
17.538
17.539
17.54
17.542
17.543
17.547
17.548
17.553
17.556
17.557
17.56
17.56
17.562
17.564
17.567
17.569
17.57
17.572
17.574
17.575
17.578
17.58
17.581
17.585
17.586
17.589
17.592
17.592
17.595
17.596
17.598
17.599
17.602
17.602
17.607
17.609
17.611
17.614
17.614
17.619
17.622
17.624
17.624
17.625
17.627
17.629
17.63
17.634
17.634
17.638
17.639
17.643
17.644
17.646
17.647
17.647
17.651
17.654
17.658
17.66
17.66
17.661
17.664
17.665
17.668
17.671
17.672
17.674
17.677
17.677
17.68
17.681
17.684
17.686
17.689
17.692
17.695
17.695
17.699
17.7
17.701
17.702
17.704
17.706
17.709
17.712
17.713
17.716
17.717
17.719
17.721
17.725
17.727
17.731
17.732
17.737
17.74
17.741
17.743
17.746
17.748
17.75
17.751
17.754
17.756
17.758
17.76
17.762
17.767
17.769
17.77
17.772
17.774
17.778
17.781
17.782
17.783
17.785
17.789
17.793
17.794
17.797
17.8
17.804
17.807
17.807
17.811
17.813
17.814
17.819
17.821
17.825
17.827
17.83
17.832
17.833
17.836
17.839
17.841
17.843
17.846
17.848
17.85
17.853
17.854
17.858
17.859
17.86
17.863
17.865
17.869
17.87
17.876
17.879
17.881
17.883
17.886
17.891
17.893
17.894
17.899
17.9
17.902
17.906
17.909
17.911
17.913
17.916
17.917
17.919
17.921
17.923
17.927
17.929
17.932
17.936
17.938
17.94
17.943
17.946
17.95
17.953
17.953
17.956
17.959
17.96
17.966
17.969
17.972
17.973
17.973
17.978
17.981
17.983
17.986
17.989
17.991
17.994
17.999
18.002
18.005
18.008
18.012
18.015
18.018
18.02
18.024
18.026
18.026
18.03
18.033
18.036
18.036
18.042
18.045
18.047
18.05
18.051
18.055
18.061
18.062
18.066
18.068
18.072
18.073
18.077
18.079
18.081
18.084
18.089
18.091
18.094
18.095
18.099
18.104
18.107
18.108
18.112
18.116
18.119
18.12
18.126
18.128
18.134
18.137
18.139
18.139
18.147
18.154
18.155
18.158
18.161
18.171
18.171
18.175
18.178
18.188
18.199
18.206
18.208
18.216
18.223
18.226
18.228
18.236
18.238
18.238
18.248
18.25
18.257
18.264
18.268
18.274
18.279
18.282
18.287
18.294
18.298
18.305
18.308
18.312
18.321
18.325
18.327
18.333
18.338
18.34
18.343
18.346
18.35
18.354
18.36
18.363
18.37
18.371
18.375
18.378
18.38
18.389
18.393
18.397
18.399
18.401
18.405
18.408
18.412
18.416
18.422
18.423
18.426
18.436
18.438
18.442
18.447
18.447
18.454
18.459
18.46
18.467
18.47
18.472
18.477
18.478
18.483
18.486
18.493
18.495
18.501
18.507
18.511
18.512
18.514
18.516
18.522
18.525
18.527
18.534
18.539
18.54
18.543
18.549
18.553
18.556
18.562
18.569
18.571
18.573
18.575
18.577
18.583
18.587
18.591
18.593
18.595
18.604
18.609
18.609
18.613
18.619
18.624
18.624
18.63
18.632
18.634
18.636
18.645
18.649
18.65
18.654
18.656
18.663
18.667
18.671
18.673
18.677
18.682
18.682
18.687
18.688
18.693
18.698
18.702
18.707
18.714
18.715
18.719
18.722
18.724
18.728
18.733
18.735
18.739
18.742
18.749
18.75
18.754
18.76
18.764
18.766
18.77
18.774
18.782
18.784
18.787
18.79
18.793
18.798
18.8
18.806
18.81
18.813
18.819
18.821
18.828
18.832
18.835
18.84
18.843
18.849
18.853
18.856
18.859
18.865
18.867
18.875
18.878
18.881
18.885
18.889
18.891
18.896
18.899
18.9
18.912
18.912
18.915
18.919
18.922
18.926
18.932
18.933
18.938
18.942
18.944
18.948
18.953
18.956
18.959
18.96
18.963
18.966
18.972
18.976
18.977
18.98
18.982
18.989
18.994
18.997
19.001
19.004
19.008
19.01
19.015
19.017
19.024
19.026
19.031
19.035
19.037
19.041
19.042
19.049
19.058
19.06
19.063
19.066
19.068
19.074
19.078
19.08
19.082
19.088
19.091
19.095
19.1
19.103
19.108
19.109
19.113
19.116
19.121
19.122
19.124
19.126
19.13
19.135
19.138
19.139
19.143
19.145
19.152
19.156
19.158
19.162
19.167
19.173
19.178
19.181
19.183
19.187
19.187
19.191
19.193
19.198
19.205
19.21
19.211
19.215
19.219
19.221
19.223
19.226
19.229
19.234
19.237
19.24
19.243
19.247
19.251
19.254
19.261
19.265
19.267
19.267
19.272
19.276
19.28
19.284
19.287
19.29
19.292
19.295
19.299
19.302
19.306
19.309
19.313
19.314
19.319
19.32
19.325
19.328
19.332
19.336
19.337
19.338
19.346
19.349
19.352
19.354
19.359
19.363
19.365
19.369
19.373
19.377
19.381
19.383
19.386
19.391
19.397
19.399
19.401
19.403
19.409
19.411
19.416
19.418
19.421
19.426
19.431
19.431
19.436
19.438
19.444
19.446
19.448
19.452
19.455
19.462
19.462
19.466
19.471
19.471
19.475
19.479
19.482
19.485
19.487
19.491
19.492
19.496
19.498
19.5
19.502
19.503
19.512
19.516
19.517
19.52
19.524
19.526
19.529
19.534
19.538
19.541
19.545
19.548
19.552
19.554
19.558
19.559
19.562
19.566
19.568
19.572
19.574
19.578
19.583
19.584
19.591
19.592
19.596
19.599
19.603
19.605
19.607
19.611
19.613
19.616
19.621
19.625
19.626
19.628
19.632
19.636
19.64
19.643
19.649
19.655
19.657
19.66
19.662
19.667
19.669
19.671
19.678
19.681
19.686
19.687
19.69
19.695
19.697
19.702
19.705
19.707
19.713
19.715
19.716
19.721
19.723
19.729
19.733
19.733
19.737
19.738
19.744
19.746
19.749
19.755
19.758
19.763
19.765
19.77
19.772
19.776
19.781
19.783
19.789
19.791
19.792
19.796
19.799
19.803
19.808
19.808
19.815
19.817
19.819
19.823
19.824
19.827
19.828
19.831
19.836
19.838
19.843
19.846
19.848
19.855
19.859
19.861
19.863
19.865
19.868
19.87
19.874
19.877
19.881
19.884
19.885
19.89
19.893
19.895
19.9
19.904
19.905
19.912
19.914
19.915
19.921
19.922
19.924
19.929
19.931
19.935
19.937
19.941
19.945
19.947
19.949
19.953
19.955
19.958
19.96
19.963
19.965
19.97
19.974
19.975
19.977
19.98
19.984
19.986
19.988
19.993
19.995
19.997
20.007
20.008
20.01
20.013
20.016
20.021
20.026
20.027
20.028
20.033
20.033
20.038
20.041
20.046
20.046
20.048
20.049
20.053
20.058
20.062
20.064
20.068
20.072
20.075
20.076
20.081
20.086
20.087
20.09
20.091
20.095
20.101
20.102
20.104
20.106
20.108
20.112
20.118
20.12
20.121
20.124
20.126
20.131
20.136
20.139
20.143
20.143
20.146
20.151
20.151
20.155
20.159
20.165
20.167
20.169
20.17
20.172
20.175
20.176
20.181
20.183
20.188
20.188
20.193
20.196
20.199
20.201
20.208
20.208
20.21
20.214
20.216
20.222
20.227
20.228
20.232
20.233
20.238
20.243
20.247
20.251
20.255
20.256
20.261
20.262
20.27
20.274
20.274
20.28
20.283
20.286
20.288
20.293
20.301
20.303
20.305
20.31
20.313
20.318
20.323
20.326
20.334
20.335
20.338
20.348
20.349
20.356
20.357
20.362
20.366
20.374
20.376
20.378
20.379
20.386
20.392
20.393
20.402
20.407
20.411
20.415
20.423
20.428
20.434
20.436
20.441
20.448
20.455
20.456
20.46
20.463
20.475
20.475
20.479
20.484
20.488
20.49
20.495
20.499
20.502
20.506
20.509
20.516
20.521
20.523
20.53
20.531
20.537
20.541
20.544
20.549
20.555
20.558
20.558
20.563
20.567
20.57
20.578
20.582
20.584
20.589
20.593
20.596
20.601
20.608
20.611
20.612
20.619
20.627
20.63
20.634
20.638
20.643
20.648
20.648
20.653
20.657
20.658
20.668
20.673
20.678
20.678
20.684
20.689
20.693
20.7
20.703
20.707
20.71
20.711
20.715
20.718
20.722
20.725
20.729
20.732
20.738
20.742
20.743
20.747
20.751
20.755
20.756
20.761
20.769
20.773
20.774
20.775
20.783
20.788
20.791
20.795
20.8
20.801
20.805
20.809
20.815
20.817
20.821
20.824
20.831
20.834
20.837
20.84
20.845
20.847
20.851
20.854
20.86
20.862
20.867
20.872
20.874
20.876
20.878
20.885
20.891
20.893
20.898
20.903
20.907
20.913
20.915
20.917
20.919
20.928
20.932
20.935
20.939
20.941
20.95
20.953
20.957
20.961
20.965
20.972
20.978
20.981
20.984
20.987
20.992
20.997
21
21.001
21.003
21.008
21.016
21.02
21.023
21.031
21.04
21.042
21.043
21.055
21.056
21.063
21.066
21.072
21.073
21.078
21.084
21.087
21.093
21.102
21.103
21.104
21.112
21.114
21.115
21.124
21.125
21.133
21.134
21.141
21.147
21.149
21.151
21.158
21.164
21.165
21.175
21.178
21.182
21.187
21.19
21.191
21.2
21.202
21.205
21.213
21.218
21.219
21.225
21.226
21.239
21.241
21.245
21.252
21.253
21.254
21.258
21.262
21.264
21.267
21.269
21.273
21.28
21.286
21.289
21.291
21.296
21.3
21.308
21.312
21.317
21.323
21.324
21.326
21.332
21.333
21.348
21.35
21.351
21.355
21.362
21.364
21.365
21.368
21.372
21.375
21.381
21.383
21.385
21.391
21.397
21.399
21.403
21.41
21.41
21.414
21.416
21.422
21.427
21.433
21.436
21.439
21.442
21.447
21.448
21.454
21.458
21.464
21.465
21.467
21.472
21.476
21.479
21.482
21.487
21.489
21.491
21.496
21.498
21.506
21.51
21.514
21.519
21.519
21.525
21.528
21.532
21.537
21.541
21.542
21.547
21.551
21.552
21.554
21.561
21.564
21.568
21.572
21.575
21.578
21.585
21.585
21.589
21.597
21.6
21.601
21.604
21.61
21.614
21.619
21.625
21.628
21.629
21.634
21.635
21.64
21.642
21.644
21.648
21.652
21.655
21.662
21.664
21.665
21.67
21.672
21.675
21.678
21.682
21.689
21.689
21.694
21.697
21.7
21.703
21.705
21.709
21.713
21.717
21.721
21.726
21.728
21.729
21.732
21.736
21.739
21.745
21.746
21.751
21.755
21.757
21.762
21.763
21.766
21.77
21.774
21.775
21.778
21.782
21.79
21.791
21.793
21.797
21.8
21.803
21.806
21.807
21.812
21.816
21.817
21.821
21.823
21.825
21.83
21.834
21.839
21.841
21.844
21.848
21.85
21.854
21.855
21.856
21.858
21.867
21.869
21.872
21.879
21.882
21.887
21.889
21.891
21.892
21.895
21.898
21.901
21.903
21.906
21.908
21.909
21.912
21.914
21.917
21.921
21.924
21.927
21.933
21.937
21.94
21.942
21.948
21.95
21.955
21.96
21.96
21.966
21.969
21.974
21.977
21.979
21.981
21.983
21.984
21.988
21.992
21.998
22
22.006
22.009
22.011
22.012
22.014
22.016
22.019
22.025
22.026
22.029
22.033
22.034
22.039
22.045
22.047
22.049
22.05
22.055
22.058
22.06
22.064
22.069
22.074
22.077
22.079
22.081
22.083
22.084
22.085
22.089
22.092
22.094
22.096
22.103
22.107
22.109
22.109
22.117
22.121
22.122
22.126
22.13
22.135
22.139
22.139
22.143
22.143
22.148
22.152
22.156
22.159
22.164
22.167
22.171
22.175
22.178
22.18
22.182
22.183
22.187
22.189
22.192
22.193
22.199
22.2
22.203
22.206
22.216
22.217
22.218
22.223
22.226
22.228
22.232
22.233
22.24
22.243
22.244
22.247
22.25
22.251
22.255
22.257
22.259
22.262
22.264
22.267
22.27
22.275
22.282
22.283
22.288
22.292
22.293
22.293
22.298
22.301
22.303
22.307
22.311
22.311
22.312
22.315
22.318
22.323
22.327
22.334
22.337
22.34
22.341
22.343
22.345
22.348
22.35
22.356
22.358
22.363
22.365
22.367
22.369
22.373
22.379
22.383
22.386
22.388
22.392
22.397
22.399
22.402
22.404
22.404
22.41
22.414
22.415
22.422
22.423
22.425
22.429
22.433
22.436
22.436
22.441
22.447
22.447
22.451
22.455
22.457
22.461
22.463
22.469
22.471
22.478
22.48
22.483
22.487
22.49
22.491
22.496
22.497
22.502
22.506
22.507
22.51
22.516
22.522
22.525
22.525
22.528
22.531
22.533
22.535
22.543
22.543
22.544
22.554
22.556
22.559
22.563
22.567
22.572
22.573
22.575
22.578
22.582
22.586
22.589
22.592
22.593
22.598
22.601
22.604
22.61
22.615
22.617
22.62
22.626
22.63
22.632
22.634
22.639
22.642
22.647
22.648
22.649
22.653
22.656
22.659
22.662
22.668
22.669
22.672
22.673
22.678
22.684
22.688
22.691
22.693
22.696
22.699
22.702
22.703
22.709
22.712
22.716
22.719
22.725
22.729
22.732
22.736
22.738
22.74
22.744
22.746
22.752
22.753
22.758
22.762
22.766
22.767
22.771
22.773
22.777
22.781
22.782
22.783
22.786
22.79
22.795
22.797
22.798
22.804
22.806
22.809
22.815
22.819
22.82
22.822
22.824
22.827
22.831
22.835
22.837
22.839
22.84
22.844
22.848
22.851
22.855
22.859
22.863
22.863
22.867
22.873
22.875
22.878
22.882
22.884
22.887
22.891
22.895
22.898
22.902
22.905
22.907
22.911
22.912
22.916
22.92
22.924
22.927
22.932
22.936
22.937
22.938
22.943
22.944
22.947
22.95
22.957
22.958
22.962
22.964
22.966
22.971
22.973
22.975
22.977
22.982
22.986
22.989
22.989
22.993
22.994
22.998
23
23.002
23.006
23.007
23.009
23.014
23.016
23.017
23.023
23.026
23.029
23.03
23.033
23.035
23.04
23.042
23.044
23.047
23.049
23.053
23.055
23.059
23.06
23.064
23.068
23.069
23.074
23.076
23.077
23.082
23.083
23.088
23.091
23.093
23.095
23.096
23.098
23.1
23.104
23.108
23.109
23.111
23.112
23.116
23.119
23.121
23.124
23.125
23.128
23.13
23.133
23.138
23.14
23.142
23.145
23.148
23.15
23.154
23.155
23.157
23.16
23.163
23.164
23.168
23.17
23.172
23.176
23.177
23.178
23.18
23.185
23.185
23.187
23.191
23.192
23.195
23.196
23.197
23.202
23.204
23.207
23.212
23.215
23.218
23.22
23.222
23.223
23.226
23.227
23.229
23.234
23.235
23.237
23.243
23.245
23.246
23.248
23.248
23.251
23.254
23.257
23.258
23.261
23.264
23.266
23.268
23.27
23.273
23.274
23.277
23.28
23.282
23.285
23.289
23.29
23.291
23.293
23.295
23.298
23.301
23.301
23.304
23.306
23.311
23.313
23.314
23.317
23.32
23.321
23.322
23.323
23.325
23.33
23.331
23.332
23.335
23.336
23.339
23.34
23.342
23.346
23.348
23.348
23.352
23.354
23.357
23.359
23.361
23.361
23.365
23.366
23.368
23.372
23.372
23.375
23.376
23.379
23.381
23.381
23.384
23.387
23.39
23.39
23.392
23.394
23.397
23.398
23.4
23.401
23.402
23.404
23.406
23.407
23.411
23.412
23.413
23.414
23.416
23.418
23.421
23.422
23.424
23.426
23.427
23.428
23.431
23.432
23.433
23.436
23.437
23.438
23.44
23.441
23.443
23.445
23.445
23.447
23.448
23.451
23.453
23.454
23.455
23.455
23.457
23.459
23.461
23.462
23.463
23.466
23.466
23.468
23.469
23.469
23.471
23.472
23.474
23.475
23.476
23.477
23.478
23.479
23.481
23.482
23.483
23.486
23.488
23.488
23.49
23.49
23.491
23.493
23.495
23.495
23.496
23.499
23.5
23.501
23.502
23.503
23.504
23.506
23.507
23.508
23.51
23.511
23.511
23.512
23.514
23.514
23.515
23.517
23.518
23.519
23.519
23.521
23.522
23.522
23.524
23.525
23.525
23.526
23.528
23.529
23.53
23.531
23.533
23.533
23.534
23.534
23.536
23.538
23.539
23.539
23.54
23.541
23.542
23.543
23.544
23.546
23.546
23.547
23.548
23.549
23.549
23.551
23.552
23.553
23.554
23.554
23.555
23.556
23.556
23.557
23.558
23.559
23.559
23.561
23.562
23.563
23.563
23.564
23.565
23.566
23.567
23.567
23.568
23.569
23.57
23.571
23.572
23.572
23.573
23.574
23.575
23.575
23.576
23.577
23.577
23.578
23.579
23.579
23.58
23.581
23.582
23.583
23.584
23.585
23.585
23.585
23.586
23.586
23.587
23.589
23.589
23.59
23.59
23.592
23.592
23.594
23.594
23.595
23.595
23.597
23.597
23.598
23.598
23.599
23.6
23.601
23.601
23.602
23.603
23.603
23.604
23.605
23.606
23.606
23.606
23.608
23.608
23.609
23.61
23.61
23.612
23.612
23.613
23.614
23.614
23.615
23.616
23.616
23.616
23.617
23.618
23.619
23.619
23.621
23.622
23.623
23.623
23.623
23.624
23.625
23.625
23.626
23.627
23.628
23.629
23.629
23.63
23.632
23.632
23.633
23.634
23.634
23.635
23.636
23.636
23.637
23.638
23.639
23.639
23.641
23.641
23.642
23.643
23.644
23.645
23.646
23.647
23.648
23.648
23.649
23.65
23.65
23.652
23.652
23.653
23.654
23.656
23.656
23.657
23.658
23.659
23.66
23.661
23.662
23.663
23.664
23.665
23.665
23.667
23.668
23.669
23.672
23.672
23.673
23.674
23.676
23.677
23.678
23.68
23.681
23.682
23.686
23.691
23.696
23.699
23.7
23.703
23.708
23.709
23.713
23.716
23.721
23.723
23.725
23.738
23.742
23.75
23.755
23.761
23.767
23.768
23.772
23.776
23.779
23.783
23.787
23.789
23.793
23.797
23.799
23.801
23.807
23.81
23.811
23.814
23.816
23.82
23.823
23.826
23.829
23.834
23.839
23.84
23.843
23.845
23.852
23.854
23.855
23.858
23.861
23.864
23.867
23.87
23.873
23.873
23.879
23.881
23.885
23.888
23.891
23.895
23.899
23.899
23.903
23.908
23.911
23.911
23.912
23.919
23.922
23.927
23.933
23.936
23.939
23.94
23.946
23.949
23.95
23.951
23.954
23.956
23.964
23.966
23.968
23.972
23.975
23.975
23.978
23.979
23.984
23.986
23.991
23.994
23.998
24.001
24.003
24.005
24.009
24.011
24.013
24.02
24.024
24.026
24.029
24.031
24.032
24.036
24.04
24.041
24.043
24.046
24.048
24.051
24.054
24.055
24.06
24.06
24.066
24.069
24.072
24.074
24.075
24.077
24.083
24.085
24.087
24.091
24.095
24.097
24.099
24.102
24.106
24.107
24.111
24.112
24.115
24.118
24.12
24.121
24.122
24.125
24.126
24.128
24.132
24.136
24.138
24.14
24.144
24.147
24.149
24.151
24.154
24.156
24.158
24.16
24.161
24.165
24.168
24.17
24.17
24.174
24.177
24.18
24.182
24.182
24.186
24.187
24.191
24.193
24.196
24.197
24.199
24.201
24.204
24.208
24.21
24.211
24.211
24.215
24.217
24.218
24.223
24.223
24.229
24.231
24.232
24.235
24.236
24.237
24.239
24.241
24.243
24.244
24.246
24.248
24.252
24.253
24.256
24.257
24.26
24.261
24.262
24.265
24.267
24.27
24.271
24.272
24.275
24.277
24.279
24.284
24.284
24.287
24.288
24.289
24.291
24.292
24.295
24.296
24.299
24.302
24.303
24.304
24.307
24.307
24.311
24.312
24.314
24.315
24.316
24.318
24.321
24.323
24.324
24.325
24.328
24.332
24.333
24.334
24.336
24.338
24.34
24.342
24.344
24.345
24.347
24.349
24.35
24.353
24.356
24.358
24.358
24.362
24.365
24.367
24.369
24.37
24.372
24.374
24.377
24.378
24.379
24.382
24.385
24.387
24.388
24.39
24.392
24.396
24.397
24.399
24.401
24.404
24.405
24.408
24.409
24.41
24.416
24.419
24.421
24.423
24.424
24.427
24.429
24.433
24.437
24.437
24.439
24.44
24.443
24.447
24.447
24.45
24.451
24.456
24.459
24.464
24.465
24.466
24.469
24.474
24.476
24.482
24.484
24.484
24.491
24.492
24.495
24.505
24.508
24.509
24.513
24.515
24.519
24.52
24.522
24.527
24.531
24.532
24.534
24.537
24.537
24.542
24.545
24.547
24.553
24.556
24.559
24.56
24.564
24.567
24.571
24.576
24.579
24.582
24.584
24.589
24.59
24.592
24.594
24.596
24.598
24.6
24.603
24.606
24.612
24.615
24.618
24.618
24.62
24.623
24.625
24.625
24.627
24.63
24.632
24.633
24.638
24.639
24.641
24.644
24.646
24.648
24.65
24.652
24.652
24.657
24.657
24.662
24.666
24.667
24.669
24.672
24.674
24.675
24.68
24.682
24.683
24.686
24.687
24.689
24.693
24.694
24.697
24.701
24.702
24.705
24.707
24.709
24.71
24.714
24.717
24.719
24.721
24.724
24.726
24.729
24.731
24.734
24.735
24.739
24.74
24.743
24.746
24.747
24.749
24.751
24.754
24.757
24.76
24.761
24.767
24.769
24.77
24.775
24.78
24.781
24.785
24.786
24.786
24.789
24.792
24.795
24.796
24.796
24.804
24.806
24.808
24.812
24.815
24.819
24.823
24.827
24.835
24.845
24.852
24.87
24.873
24.88
24.891
24.894
24.896
24.9
24.909
24.912
24.916
24.918
24.93
24.931
24.933
24.94
24.945
24.946
24.948
24.952
24.953
24.956
24.961
24.964
24.967
24.973
24.975
24.98
24.986
24.987
24.99
24.992
25.001
25.006
25.013
25.017
25.018
25.024
25.025
25.029
25.039
25.042
25.045
25.052
25.053
25.062
25.065
25.093
25.096
25.106
25.109
25.112
25.119
25.12
25.133
25.134
25.145
25.149
25.154
25.157
25.167
25.173
25.18
25.183
25.188
25.192
25.198
25.202
25.209
25.216
25.22
25.225
25.23
25.235
25.241
25.243
25.247
25.25
25.251
25.259
25.265
25.266
25.271
25.277
25.282
25.286
25.29
25.293
25.294
25.299
25.308
25.31
25.313
25.316
25.323
25.325
25.326
25.332
25.335
25.338
25.341
25.348
25.353
25.357
25.363
25.367
25.37
25.374
25.378
25.384
25.391
25.397
25.408
25.42
25.434
25.438
25.453
25.455
25.462
25.468
25.47
25.479
25.488
25.497
25.51
25.602
25.634
25.636
25.649
25.683
25.694
25.703
