0
0
0
1.1492
1.2559
1.3401
1.3638
1.4665
1.5043
1.5435
1.5808
1.5904
1.6636
1.6867
1.7049
1.7313
1.779
1.8234
1.8479
1.8809
1.9001
1.9219
1.958
1.9843
1.9953
2.0159
2.0555
2.091
2.1076
2.1397
2.1758
2.2032
2.2118
2.2401
2.2516
2.2789
2.3045
2.3329
2.3485
2.3802
2.39
2.4251
2.4335
2.4573
2.4689
2.477
2.4869
2.5182
2.5339
2.5463
2.5652
2.5864
2.5968
2.621
2.6361
2.6477
2.6651
2.6792
2.697
2.7088
2.7335
2.7433
2.7594
2.7748
2.795
2.8071
2.8217
2.8271
2.8495
2.8818
2.8852
2.8872
2.9106
2.9324
2.9392
2.9707
2.9766
2.9998
3.0126
3.0183
3.0293
3.0362
3.0487
3.0649
3.0707
3.0878
3.0914
3.1206
3.1301
3.1424
3.165
3.18
3.1966
3.2018
3.2239
3.2341
3.2471
3.2555
3.2674
3.2834
3.2892
3.3081
3.3209
3.3229
3.3352
3.3455
3.3515
3.3659
3.3747
3.3928
3.3976
3.4172
3.4242
3.4423
3.4484
3.4523
3.4675
3.4808
3.495
3.499
3.512
3.5405
3.5606
3.5636
3.5646
3.5757
3.582
3.6049
3.6125
3.6178
3.6284
3.6492
3.6538
3.6623
3.6683
3.6746
3.684
3.6917
3.7079
3.7219
3.7261
3.7432
3.7579
3.768
3.7751
3.7897
3.7981
3.8067
3.8162
3.8234
3.8352
3.8447
3.8549
3.8588
3.8726
3.8775
3.8879
3.9007
3.9108
3.9237
3.93
3.9454
3.9525
3.9547
3.9721
3.9758
3.9816
3.9855
4.0032
4.0148
4.0184
4.0219
4.0303
4.0406
4.0514
4.0568
4.0652
4.0722
4.09
4.1027
4.1124
4.1208
4.1289
4.1383
4.1424
4.1453
4.1664
4.1702
4.1798
4.19
4.1914
4.1996
4.2064
4.2308
4.2364
4.2432
4.2531
4.2603
4.2719
4.2802
4.2884
4.2965
4.2987
4.3043
4.3207
4.329
4.3341
4.3454
4.3552
4.3628
4.3656
4.3822
4.3901
4.4065
4.4106
4.4182
4.4311
4.4406
4.4447
4.4482
4.4542
4.459
4.4648
4.475
4.4794
4.4991
4.5058
4.5099
4.5202
4.5304
4.5443
4.548
4.5595
4.5657
4.5738
4.5891
4.5941
4.5978
4.6073
4.6103
4.6266
4.6306
4.6458
4.6524
4.654
4.6604
4.6654
4.6714
4.6831
4.6873
4.6938
4.7029
4.713
4.7249
4.7324
4.7415
4.7471
4.7546
4.7589
4.7724
4.7764
4.7858
4.7911
4.7991
4.8076
4.8136
4.8204
4.8254
4.8315
4.8437
4.8513
4.8543
4.8645
4.8743
4.8837
4.8893
4.9007
4.9017
4.9046
4.9167
4.9292
4.9301
4.9354
4.9505
4.9566
4.9584
4.9753
4.9765
4.9866
4.9887
4.9968
5.0091
5.0186
5.0259
5.0311
5.0428
5.044
5.0547
5.0593
5.0632
5.0677
5.078
5.0835
5.0883
5.0945
5.0992
5.1152
5.1215
5.126
5.1396
5.1469
5.1526
5.158
5.1644
5.181
5.1868
5.1871
5.1983
5.2009
5.2085
5.2157
5.2195
5.2287
5.2364
5.2407
5.2497
5.2574
5.2581
5.2669
5.2721
5.2785
5.2857
5.2901
5.2948
5.3038
5.3139
5.323
5.3291
5.3346
5.3389
5.3478
5.3579
5.3599
5.3667
5.3731
5.3743
5.3865
5.3949
5.4014
5.4131
5.4175
5.4223
5.4282
5.4369
5.4509
5.4582
5.46
5.4668
5.4683
5.4757
5.4836
5.493
5.5
5.5039
5.5108
5.518
5.5239
5.5286
5.5307
5.5337
5.5469
5.5515
5.556
5.5661
5.5772
5.5855
5.5871
5.6023
5.6127
5.6185
5.6236
5.6277
5.6385
5.6435
5.6454
5.6529
5.6562
5.6634
5.6667
5.6757
5.6805
5.6872
5.6955
5.7013
5.704
5.7093
5.7151
5.7197
5.7276
5.7328
5.7457
5.7523
5.7537
5.7577
5.7648
5.7701
5.7767
5.7832
5.7871
5.7899
5.7957
5.8093
5.8117
5.8155
5.8279
5.8328
5.8409
5.8454
5.8547
5.866
5.8668
5.8702
5.8757
5.8854
5.8895
5.8951
5.9034
5.9114
5.9154
5.9218
5.9294
5.9328
5.9458
5.9544
5.9584
5.9646
5.9664
5.9755
5.9797
5.984
5.9846
5.9889
5.9935
6.0042
6.0081
6.0176
6.0226
6.0264
6.0318
6.0387
6.0524
6.0544
6.0559
6.0658
6.0692
6.089
6.0906
6.0931
6.0992
6.1041
6.1118
6.1152
6.1244
6.1288
6.1367
6.144
6.1475
6.1483
6.1576
6.1675
6.1696
6.1719
6.1808
6.1869
6.1911
6.1953
6.2042
6.2107
6.2175
6.2214
6.231
6.2366
6.2435
6.2445
6.2541
6.2564
6.263
6.2702
6.2781
6.2848
6.2917
6.2964
6.3043
6.3052
6.3128
6.3151
6.3277
6.3289
6.3322
6.3399
6.3457
6.3485
6.3549
6.3595
6.3629
6.3737
6.3783
6.3831
6.39
6.3938
6.403
6.4115
6.4148
6.4165
6.4216
6.4275
6.431
6.4414
6.4448
6.4491
6.4604
6.4661
6.4692
6.4783
6.4832
6.4894
6.4964
6.5012
6.5079
6.5086
6.5125
6.5181
6.5298
6.5323
6.5386
6.5422
6.5506
6.5546
6.5646
6.5677
6.5742
6.5816
6.5837
6.5896
6.5925
6.6006
6.6033
6.6097
6.6177
6.6215
6.6266
6.6268
6.6411
6.6438
6.6481
6.6587
6.662
6.6716
6.6766
6.6788
6.6828
6.6963
6.7011
6.7028
6.7081
6.7121
6.7203
6.7244
6.7283
6.7363
6.7405
6.7437
6.7514
6.7544
6.7614
6.7663
6.7721
6.7764
6.7808
6.7877
6.7907
6.8002
6.8036
6.8079
6.8148
6.8165
6.8234
6.8294
6.8359
6.8398
6.8452
6.8521
6.8526
6.8564
6.8649
6.867
6.869
6.8764
6.8846
6.8872
6.8945
6.8973
6.9048
6.9104
6.9121
6.9164
6.9208
6.9292
6.9339
6.9369
6.9414
6.9528
6.9584
6.9659
6.9698
6.9756
6.9782
6.9844
6.9896
6.9977
7.0003
7.004
7.0088
7.011
7.0159
7.0191
7.0285
7.0335
7.037
7.044
7.0486
7.0514
7.0586
7.0637
7.0749
7.0804
7.0827
7.0867
7.0925
7.0975
7.1008
7.1052
7.1076
7.1129
7.12
7.1255
7.1308
7.1336
7.1383
7.1444
7.1458
7.1537
7.1652
7.17
7.1708
7.1811
7.1853
7.1882
7.1972
7.2042
7.2096
7.2147
7.2183
7.2222
7.2257
7.2291
7.2358
7.2423
7.2459
7.2492
7.2532
7.2582
7.2619
7.2686
7.2738
7.2797
7.2817
7.2851
7.2947
7.2981
7.3041
7.3133
7.3162
7.3199
7.3249
7.3285
7.3351
7.3377
7.3436
7.3456
7.3592
7.3664
7.3697
7.3742
7.3764
7.3836
7.3851
7.3937
7.397
7.4001
7.405
7.4082
7.4162
7.4191
7.4258
7.4335
7.437
7.4383
7.4438
7.4506
7.4519
7.4575
7.4642
7.4684
7.4749
7.4766
7.4814
7.4881
7.491
7.4977
7.5062
7.5086
7.5122
7.5153
7.5197
7.5254
7.5293
7.5399
7.5445
7.5512
7.554
7.5561
7.5635
7.5682
7.5725
7.5767
7.5787
7.5837
7.5911
7.5933
7.5982
7.6047
7.6079
7.6116
7.6163
7.6243
7.6272
7.6296
7.6378
7.6404
7.6482
7.6513
7.6587
7.6638
7.666
7.6772
7.6829
7.6851
7.6882
7.6898
7.695
7.7012
7.7056
7.7105
7.7155
7.7234
7.7294
7.7334
7.7378
7.7406
7.7417
7.7507
7.7528
7.7564
7.768
7.7699
7.7739
7.7779
7.7854
7.7886
7.793
7.7982
7.8007
7.8059
7.8072
7.8201
7.8253
7.8278
7.8313
7.8378
7.8387
7.8405
7.8495
7.8542
7.8576
7.868
7.872
7.8741
7.8801
7.8834
7.8864
7.8902
7.8941
7.8961
7.9068
7.9079
7.9137
7.9199
7.9236
7.9268
7.9311
7.9335
7.9426
7.9487
7.9502
7.9551
7.957
7.9648
7.9678
7.9742
7.9782
7.9837
7.9849
7.9913
7.9988
7.9994
8.0026
8.0123
8.0136
8.0211
8.025
8.0266
8.0313
8.0364
8.0378
8.0442
8.0505
8.0518
8.0593
8.0666
8.0676
8.073
8.077
8.0847
8.086
8.0932
8.0965
8.0972
8.1059
8.1108
8.1139
8.1158
8.1268
8.1331
8.1348
8.1384
8.1414
8.149
8.1563
8.1589
8.163
8.1643
8.1722
8.1778
8.1848
8.187
8.1894
8.198
8.2025
8.2054
8.2094
8.2115
8.213
8.2207
8.2249
8.2292
8.2315
8.2371
8.243
8.2444
8.2499
8.2534
8.2588
8.2641
8.269
8.2753
8.2796
8.2811
8.2866
8.2879
8.2962
8.3012
8.306
8.3087
8.3189
8.3219
8.3235
8.3307
8.3313
8.3364
8.3413
8.3474
8.3499
8.3548
8.3584
8.3644
8.3666
8.3678
8.3759
8.3797
8.3903
8.3917
8.3971
8.4032
8.4039
8.4158
8.4182
8.4224
8.4231
8.4274
8.4315
8.4382
8.4396
8.4458
8.4487
8.453
8.4604
8.4646
8.4668
8.4688
8.4738
8.4758
8.4808
8.4883
8.4903
8.4947
8.4972
8.4991
8.506
8.5112
8.5129
8.5186
8.5227
8.5267
8.5351
8.5384
8.542
8.5462
8.5495
8.5557
8.5572
8.5654
8.5682
8.5732
8.5753
8.5823
8.5852
8.5885
8.5925
8.5974
8.6002
8.6117
8.6122
8.6163
8.6178
8.6224
8.6318
8.6322
8.636
8.64
8.6426
8.6456
8.6476
8.6492
8.6578
8.6592
8.6678
8.6752
8.6801
8.681
8.6866
8.6919
8.6942
8.7003
8.7035
8.7101
8.713
8.7146
8.7161
8.7179
8.7239
8.732
8.7362
8.7454
8.747
8.7513
8.7556
8.7591
8.7626
8.7663
8.7712
8.7719
8.7736
8.7795
8.7822
8.7862
8.7956
8.8004
8.8047
8.8056
8.8074
8.8137
8.8162
8.8219
8.8247
8.8311
8.838
8.8437
8.846
8.8503
8.8531
8.8594
8.8639
8.8668
8.872
8.8761
8.8769
8.8809
8.8884
8.8908
8.893
8.9015
8.9052
8.9089
8.9125
8.9173
8.9222
8.9254
8.931
8.9361
8.938
8.9443
8.9494
8.951
8.9562
8.9591
8.965
8.967
8.9735
8.9764
8.9829
8.986
8.9886
8.9906
8.9948
8.9982
9.0023
9.0098
9.0137
9.0163
9.0221
9.0238
9.0306
9.0347
9.0379
9.0408
9.0463
9.048
9.0535
9.0613
9.0633
9.0655
9.0714
9.0768
9.083
9.0855
9.0879
9.0882
9.0961
9.0996
9.1015
9.1086
9.1124
9.115
9.1185
9.1246
9.1249
9.1254
9.1311
9.1347
9.1397
9.1463
9.1509
9.155
9.1615
9.1633
9.1656
9.1746
9.1771
9.181
9.1855
9.1873
9.1951
9.2
9.208
9.211
9.2118
9.2163
9.2202
9.2224
9.227
9.2329
9.2373
9.2393
9.2416
9.2444
9.2463
9.2515
9.2552
9.2606
9.2655
9.2678
9.2738
9.2774
9.2818
9.2841
9.2876
9.2922
9.2966
9.303
9.3073
9.3101
9.3174
9.3195
9.3246
9.3307
9.3365
9.339
9.3406
9.3428
9.3442
9.3515
9.3578
9.3648
9.3676
9.3685
9.3696
9.3773
9.3794
9.3829
9.3844
9.3908
9.3967
9.3988
9.4038
9.4089
9.413
9.4163
9.4201
9.4228
9.4274
9.4314
9.4341
9.4377
9.4439
9.4477
9.4557
9.4621
9.4635
9.4656
9.476
9.4776
9.4811
9.4833
9.4917
9.4942
9.4975
9.5025
9.5034
9.5078
9.509
9.5154
9.5221
9.5293
9.5312
9.5321
9.5358
9.5407
9.5447
9.5485
9.5511
9.558
9.5607
9.5659
9.5673
9.5719
9.5761
9.5784
9.5814
9.582
9.5862
9.5888
9.5964
9.6013
9.6057
9.6101
9.6109
9.6154
9.6167
9.6219
9.6274
9.6353
9.6371
9.6378
9.6432
9.6481
9.6521
9.6548
9.6556
9.6616
9.6657
9.6683
9.6774
9.6802
9.686
9.6923
9.6926
9.6968
9.7015
9.7038
9.7078
9.7105
9.7155
9.7207
9.725
9.7282
9.7301
9.7347
9.7368
9.7422
9.7461
9.7492
9.7555
9.7608
9.7625
9.7655
9.7712
9.7733
9.7769
9.7817
9.7838
9.7938
9.7949
9.806
9.8088
9.812
9.8156
9.8176
9.8232
9.8288
9.8308
9.8335
9.834
9.8379
9.8466
9.8515
9.8522
9.859
9.86
9.8658
9.87
9.8728
9.8762
9.8801
9.881
9.8871
9.8942
9.8958
9.9015
9.9024
9.9039
9.9078
9.9104
9.9158
9.9167
9.925
9.9273
9.9283
9.9337
9.9353
9.9425
9.9488
9.9515
9.9585
9.9601
9.963
9.9652
9.9708
9.9717
9.9809
9.9824
9.985
9.9857
9.9887
9.9957
9.9996
10.003
10.009
10.01
10.014
10.021
10.024
10.028
10.035
10.035
10.041
10.044
10.045
10.051
10.052
10.057
10.06
10.066
10.07
10.073
10.077
10.082
10.084
10.086
10.09
10.096
10.099
10.105
10.108
10.114
10.115
10.124
10.124
10.126
10.13
10.135
10.138
10.143
10.146
10.15
10.154
10.157
10.159
10.166
10.17
10.174
10.179
10.181
10.183
10.189
10.193
10.197
10.197
10.204
10.21
10.211
10.214
10.22
10.224
10.225
10.228
10.231
10.237
10.241
10.243
10.247
10.249
10.257
10.258
10.262
10.268
10.273
10.277
10.279
10.286
10.287
10.291
10.293
10.295
10.301
10.309
10.312
10.314
10.317
10.321
10.326
10.328
10.334
10.339
10.341
10.346
10.348
10.349
10.354
10.356
10.361
10.364
10.369
10.374
10.376
10.381
10.385
10.386
10.39
10.395
10.396
10.401
10.402
10.402
10.41
10.413
10.417
10.422
10.426
10.429
10.432
10.435
10.444
10.446
10.449
10.452
10.455
10.458
10.46
10.465
10.47
10.474
10.48
10.482
10.485
10.487
10.494
10.497
10.505
10.508
10.511
10.515
10.518
10.52
10.523
10.527
10.533
10.537
10.54
10.544
10.547
10.553
10.555
10.556
10.557
10.568
10.571
10.573
10.575
10.578
10.58
10.584
10.592
10.594
10.601
10.603
10.607
10.608
10.614
10.619
10.622
10.623
10.627
10.632
10.634
10.639
10.645
10.648
10.652
10.655
10.661
10.661
10.663
10.666
10.67
10.674
10.677
10.683
10.688
10.691
10.694
10.7
10.702
10.706
10.709
10.712
10.716
10.721
10.726
10.728
10.73
10.736
10.74
10.743
10.746
10.746
10.751
10.756
10.759
10.765
10.768
10.774
10.775
10.779
10.783
10.788
10.791
10.795
10.796
10.802
10.811
10.812
10.819
10.822
10.827
10.831
10.832
10.835
10.837
10.842
10.846
10.85
10.851
10.86
10.861
10.868
10.873
10.874
10.877
10.88
10.885
10.891
10.894
10.895
10.898
10.904
10.905
10.907
10.913
10.916
10.92
10.923
10.924
10.929
10.935
10.937
10.94
10.945
10.95
10.954
10.956
10.958
10.959
10.967
10.968
10.971
10.975
10.982
10.986
10.988
10.992
10.996
10.999
11.002
11.006
11.009
11.014
11.017
11.02
11.024
11.029
11.029
11.034
11.038
11.041
11.045
11.049
11.05
11.056
11.061
11.064
11.072
11.074
11.076
11.079
11.082
11.088
11.093
11.095
11.098
11.098
11.104
11.109
11.115
11.118
11.119
11.121
11.124
11.132
11.135
11.139
11.143
11.144
11.149
11.151
11.152
11.157
11.16
11.166
11.168
11.175
11.181
11.184
11.188
11.189
11.194
11.198
11.201
11.208
11.209
11.212
11.214
11.217
11.22
11.225
11.229
11.236
11.238
11.242
11.243
11.249
11.25
11.255
11.257
11.259
11.265
11.268
11.272
11.275
11.277
11.281
11.285
11.287
11.292
11.295
11.299
11.302
11.305
11.311
11.316
11.316
11.323
11.326
11.33
11.333
11.336
11.341
11.345
11.346
11.349
11.35
11.354
11.355
11.359
11.369
11.371
11.377
11.382
11.383
11.384
11.387
11.39
11.395
11.398
11.4
11.405
11.407
11.412
11.42
11.42
11.422
11.429
11.43
11.433
11.439
11.446
11.449
11.453
11.455
11.457
11.459
11.465
11.469
11.472
11.477
11.48
11.482
11.489
11.491
11.492
11.497
11.501
11.504
11.51
11.512
11.516
11.519
11.523
11.527
11.528
11.53
11.539
11.54
11.543
11.548
11.551
11.554
11.556
11.563
11.566
11.569
11.572
11.574
11.579
11.581
11.588
11.589
11.595
11.6
11.603
11.605
11.609
11.61
11.615
11.618
11.621
11.629
11.631
11.633
11.637
11.642
11.647
11.651
11.657
11.663
11.664
11.668
11.673
11.676
11.678
11.68
11.684
11.686
11.691
11.693
11.695
11.7
11.704
11.707
11.714
11.717
11.717
11.721
11.724
11.727
11.731
11.737
11.74
11.743
11.744
11.746
11.748
11.754
11.758
11.759
11.764
11.77
11.773
11.779
11.781
11.783
11.787
11.79
11.795
11.8
11.802
11.804
11.806
11.815
11.817
11.818
11.819
11.823
11.824
11.826
11.833
11.837
11.842
11.843
11.847
11.849
11.855
11.855
11.857
11.859
11.864
11.868
11.871
11.875
11.882
11.885
11.89
11.895
11.896
11.901
11.903
11.909
11.911
11.914
11.92
11.924
11.929
11.933
11.935
11.937
11.941
11.945
11.948
11.954
11.955
11.958
11.959
11.966
11.971
11.974
11.975
11.979
11.984
11.987
11.992
11.995
11.998
12.003
12.004
12.006
12.008
12.011
12.015
12.018
12.025
12.029
12.03
12.036
12.04
12.042
12.044
12.048
12.053
12.053
12.057
12.058
12.061
12.066
12.071
12.072
12.076
12.08
12.083
12.085
12.087
12.091
12.095
12.101
12.104
12.105
12.109
12.116
12.117
12.126
12.13
12.133
12.135
12.136
12.14
12.143
12.148
12.15
12.154
12.159
12.164
12.167
12.168
12.169
12.173
12.179
12.18
12.186
12.191
12.196
12.197
12.201
12.205
12.207
12.211
12.215
12.217
12.222
12.224
12.23
12.232
12.235
12.238
12.242
12.245
12.247
12.25
12.254
12.257
12.261
12.265
12.267
12.271
12.273
12.279
12.279
12.281
12.291
12.295
12.297
12.3
12.303
12.306
12.309
12.316
12.319
12.322
12.328
12.329
12.334
12.336
12.342
12.346
12.347
12.351
12.355
12.356
12.359
12.362
12.365
12.37
12.373
12.377
12.383
12.385
12.39
12.393
12.397
12.399
12.402
12.405
12.409
12.412
12.413
12.418
12.423
12.426
12.428
12.43
12.434
12.438
12.442
12.446
12.447
12.45
12.456
12.462
12.464
12.468
12.471
12.473
12.476
12.482
12.483
12.486
12.49
12.493
12.497
12.501
12.504
12.507
12.512
12.516
12.517
12.521
12.523
12.525
12.528
12.537
12.539
12.541
12.543
12.548
12.553
12.555
12.558
12.564
12.568
12.57
12.572
12.579
12.584
12.585
12.586
12.592
12.596
12.599
12.603
12.608
12.609
12.613
12.618
12.622
12.625
12.628
12.632
12.634
12.637
12.639
12.642
12.645
12.648
12.654
12.662
12.663
12.664
12.669
12.672
12.675
12.676
12.679
12.685
12.687
12.689
12.693
12.699
12.7
12.705
12.708
12.71
12.713
12.716
12.726
12.727
12.728
12.731
12.732
12.736
12.742
12.743
12.748
12.75
12.754
12.757
12.761
12.762
12.766
12.768
12.773
12.774
12.779
12.782
12.784
12.79
12.792
12.795
12.797
12.8
12.805
12.812
12.813
12.818
12.821
12.824
12.825
12.828
12.831
12.836
12.845
12.847
12.851
12.853
12.858
12.86
12.863
12.864
12.87
12.873
12.877
12.881
12.882
12.89
12.891
12.896
12.898
12.899
12.902
12.906
12.908
12.914
12.915
12.919
12.921
12.929
12.933
12.938
12.941
12.943
12.946
12.947
12.95
12.955
12.963
12.968
12.969
12.972
12.974
12.98
12.983
12.984
12.989
12.992
12.997
12.999
13
13.007
13.012
13.014
13.017
13.022
13.026
13.028
13.03
13.031
13.041
13.045
13.048
13.052
13.053
13.057
13.057
13.061
13.065
13.066
13.071
13.074
13.076
13.082
13.084
13.087
13.092
13.093
13.096
13.1
13.106
13.107
13.109
13.112
13.116
13.12
13.123
13.126
13.129
13.131
13.131
13.134
13.141
13.145
13.146
13.15
13.154
13.157
13.16
13.166
13.17
13.171
13.176
13.179
13.183
13.186
13.19
13.191
13.195
13.196
13.199
13.202
13.209
13.212
13.215
13.219
13.221
13.226
13.228
13.231
13.233
13.237
13.243
13.247
13.248
13.252
13.254
13.261
13.266
13.268
13.27
13.274
13.28
13.283
13.286
13.289
13.293
13.294
13.298
13.304
13.307
13.31
13.314
13.315
13.32
13.322
13.325
13.327
13.33
13.333
13.336
13.341
13.343
13.345
13.35
13.354
13.356
13.36
13.362
13.365
13.372
13.374
13.379
13.381
13.384
13.386
13.393
13.397
13.401
13.405
13.406
13.41
13.411
13.416
13.421
13.426
13.429
13.43
13.435
13.441
13.443
13.449
13.449
13.454
13.458
13.458
13.461
13.465
13.468
13.472
13.475
13.479
13.48
13.485
13.488
13.49
13.494
13.494
13.499
13.502
13.507
13.511
13.515
13.516
13.517
13.527
13.529
13.533
13.535
13.537
13.544
13.549
13.55
13.556
13.556
13.56
13.564
13.566
13.569
13.575
13.577
13.581
13.584
13.589
13.591
13.595
13.597
13.598
13.605
13.606
13.611
13.614
13.615
13.618
13.621
13.626
13.629
13.634
13.639
13.642
13.643
13.649
13.651
13.655
13.656
13.662
13.665
13.669
13.67
13.671
13.674
13.678
13.681
13.684
13.687
13.693
13.694
13.695
13.701
13.704
13.705
13.711
13.716
13.72
13.721
13.723
13.727
13.734
13.737
13.742
13.745
13.747
13.753
13.755
13.757
13.762
13.768
13.769
13.771
13.774
13.779
13.783
13.786
13.79
13.795
13.8
13.802
13.804
13.808
13.809
13.812
13.82
13.823
13.826
13.827
13.829
13.835
13.837
13.84
13.844
13.848
13.848
13.852
13.854
13.861
13.865
13.866
13.873
13.877
13.879
13.883
13.885
13.886
13.89
13.895
13.9
13.903
13.909
13.911
13.913
13.919
13.924
13.927
13.929
13.933
13.938
13.941
13.942
13.947
13.951
13.956
13.957
13.958
13.963
13.967
13.969
13.97
13.973
13.98
13.984
13.985
13.988
13.989
13.992
13.997
14
14.002
14.004
14.008
14.012
14.015
14.017
14.021
14.027
14.03
14.032
14.038
14.042
14.044
14.046
14.048
14.052
14.055
14.062
14.068
14.069
14.072
14.075
14.077
14.08
14.085
14.088
14.09
14.092
14.099
14.102
14.104
14.108
14.114
14.116
14.118
14.126
14.127
14.131
14.133
14.137
14.14
14.144
14.147
14.15
14.151
14.154
14.16
14.161
14.164
14.167
14.174
14.175
14.178
14.182
14.185
14.188
14.197
14.197
14.2
14.204
14.206
14.208
14.215
14.218
14.219
14.227
14.228
14.232
14.234
14.235
14.242
14.244
14.248
14.25
14.255
14.255
14.258
14.261
14.266
14.268
14.271
14.275
14.281
14.285
14.287
14.291
14.294
14.299
14.301
14.305
14.31
14.316
14.32
14.322
14.325
14.328
14.33
14.335
14.337
14.343
14.346
14.347
14.352
14.355
14.358
14.361
14.364
14.368
14.372
14.373
14.376
14.378
14.385
14.389
14.393
14.397
14.402
14.402
14.409
14.411
14.415
14.417
14.421
14.427
14.429
14.43
14.433
14.436
14.439
14.441
14.445
14.45
14.455
14.458
14.463
14.467
14.468
14.472
14.474
14.477
14.479
14.481
14.484
14.489
14.49
14.491
14.499
14.503
14.505
14.511
14.513
14.517
14.518
14.528
14.53
14.531
14.535
14.538
14.539
14.543
14.546
14.554
14.555
14.56
14.563
14.565
14.569
14.572
14.579
14.581
14.582
14.586
14.591
14.593
14.597
14.601
14.602
14.609
14.61
14.612
14.616
14.618
14.62
14.624
14.625
14.627
14.632
14.64
14.64
14.644
14.647
14.652
14.656
14.657
14.662
14.668
14.673
14.676
14.677
14.678
14.684
14.689
14.69
14.698
14.701
14.702
14.705
14.711
14.714
14.717
14.721
14.722
14.725
14.726
14.729
14.735
14.738
14.74
14.741
14.745
14.747
14.754
14.758
14.761
14.763
14.767
14.77
14.772
14.774
14.78
14.783
14.788
14.791
14.794
14.798
14.801
14.802
14.807
14.809
14.811
14.816
14.817
14.823
14.826
14.827
14.834
14.839
14.843
14.847
14.848
14.849
14.851
14.855
14.858
14.864
14.868
14.869
14.876
14.88
14.886
14.888
14.892
14.894
14.896
14.898
14.902
14.905
14.911
14.913
14.917
14.92
14.921
14.924
14.926
14.928
14.933
14.936
14.941
14.945
14.948
14.951
14.957
14.959
14.963
14.967
14.971
14.974
14.979
14.983
14.989
14.99
14.993
14.997
14.999
15.001
15.007
15.008
15.014
15.014
15.017
15.021
15.025
15.027
15.031
15.033
15.037
15.041
15.044
15.048
15.051
15.052
15.055
15.064
15.065
15.066
15.071
15.076
15.078
15.079
15.084
15.086
15.088
15.091
15.094
15.099
15.102
15.105
15.107
15.113
15.114
15.117
15.125
15.128
15.131
15.139
15.143
15.144
15.146
15.151
15.157
15.16
15.164
15.167
15.173
15.174
15.175
15.177
15.181
15.187
15.189
15.192
15.195
15.199
15.201
15.205
15.206
15.208
15.215
15.217
15.223
15.228
15.231
15.238
15.24
15.244
15.247
15.248
15.252
15.255
15.26
15.264
15.267
15.271
15.273
15.278
15.279
15.283
15.284
15.289
15.291
15.298
15.3
15.302
15.308
15.311
15.313
15.317
15.321
15.325
15.327
15.33
15.334
15.335
15.337
15.341
15.346
15.349
15.351
15.357
15.359
15.364
15.369
15.372
15.374
15.375
15.381
15.388
15.389
15.394
15.398
15.4
15.403
15.408
15.411
15.412
15.415
15.417
15.423
15.424
15.426
15.432
15.435
15.442
15.447
15.448
15.452
15.457
15.461
15.463
15.466
15.468
15.474
15.476
15.479
15.483
15.485
15.487
15.489
15.496
15.499
15.502
15.507
15.509
15.515
15.518
15.519
15.521
15.525
15.529
15.532
15.537
15.539
15.54
15.546
15.549
15.553
15.557
15.561
15.565
15.566
15.571
15.572
15.577
15.584
15.586
15.59
15.595
15.596
15.601
15.603
15.61
15.615
15.616
15.62
15.624
15.626
15.63
15.632
15.634
15.636
15.638
15.644
15.647
15.65
15.653
15.656
15.661
15.663
15.664
15.67
15.671
15.678
15.684
15.685
15.688
15.691
15.694
15.698
15.706
15.71
15.713
15.718
15.72
15.724
15.725
15.729
15.731
15.734
15.735
15.74
15.745
15.747
15.752
15.758
15.762
15.764
15.766
15.767
15.771
15.777
15.777
15.78
15.788
15.792
15.795
15.799
15.802
15.803
15.807
15.809
15.816
15.821
15.823
15.83
15.83
15.832
15.836
15.842
15.845
15.845
15.85
15.852
15.858
15.86
15.865
15.866
15.871
15.874
15.876
15.877
15.881
15.888
15.889
15.892
15.899
15.902
15.904
15.911
15.911
15.915
15.916
15.925
15.927
15.929
15.934
15.939
15.941
15.947
15.948
15.95
15.952
15.954
15.965
15.966
15.969
15.971
15.978
15.98
15.983
15.987
15.992
15.994
15.997
16.002
16.005
16.01
16.014
16.015
16.018
16.021
16.026
16.028
16.031
16.035
16.036
16.044
16.049
16.054
16.055
16.058
16.061
16.066
16.067
16.072
16.074
16.079
16.084
16.087
16.09
16.095
16.098
16.101
16.107
16.111
16.115
16.116
16.117
16.119
16.128
16.131
16.132
16.134
16.135
16.138
16.143
16.149
16.151
16.153
16.156
16.162
16.164
16.17
16.175
16.175
16.179
16.186
16.19
16.19
16.195
16.197
16.2
16.204
16.207
16.209
16.21
16.211
16.219
16.221
16.229
16.234
16.235
16.237
16.244
16.246
16.248
16.253
16.256
16.257
16.265
16.266
16.271
16.273
16.275
16.276
16.279
16.282
16.289
16.29
16.3
16.301
16.304
16.308
16.312
16.317
16.318
16.323
16.327
16.329
16.331
16.335
16.337
16.345
16.346
16.352
16.355
16.358
16.362
16.366
16.368
16.37
16.374
16.378
16.381
16.383
16.389
16.394
16.394
16.396
16.4
16.401
16.404
16.408
16.412
16.415
16.417
16.419
16.426
16.427
16.435
16.436
16.438
16.442
16.448
16.451
16.455
16.457
16.457
16.463
16.467
16.469
16.472
16.476
16.483
16.485
16.487
16.492
16.498
16.5
16.504
16.509
16.514
16.515
16.516
16.519
16.523
16.529
16.53
16.535
16.538
16.541
16.543
16.547
16.552
16.555
16.559
16.563
16.568
16.57
16.572
16.573
16.577
16.582
16.585
16.591
16.591
16.596
16.597
16.6
16.606
16.607
16.61
16.614
16.619
16.627
16.628
16.633
16.637
16.64
16.642
16.645
16.652
16.655
16.657
16.664
16.664
16.667
16.673
16.676
16.68
16.684
16.685
16.688
16.693
16.695
16.697
16.699
16.705
16.71
16.716
16.72
16.722
16.725
16.729
16.73
16.734
16.74
16.745
16.746
16.75
16.754
16.757
16.761
16.762
16.767
16.772
16.772
16.778
16.782
16.785
16.788
16.791
16.793
16.798
16.804
16.806
16.808
16.811
16.816
16.819
16.82
16.826
16.828
16.83
16.838
16.839
16.84
16.843
16.847
16.851
16.853
16.855
16.859
16.868
16.869
16.875
16.877
16.877
16.884
16.885
16.89
16.895
16.896
16.901
16.905
16.908
16.909
16.914
16.918
16.923
16.927
16.928
16.933
16.935
16.939
16.939
16.945
16.951
16.952
16.956
16.96
16.964
16.969
16.972
16.976
16.978
16.982
16.989
16.991
16.996
16.999
17.002
17.004
17.006
17.007
17.011
17.015
17.019
17.02
17.031
17.033
17.034
17.039
17.044
17.045
17.047
17.056
17.057
17.058
17.063
17.07
17.074
17.076
17.077
17.083
17.085
17.086
17.093
17.095
17.097
17.104
17.106
17.109
17.111
17.114
17.119
17.124
17.126
17.136
17.142
17.143
17.147
17.149
17.154
17.157
17.163
17.164
17.17
17.173
17.181
17.181
17.183
17.189
17.192
17.194
17.197
17.199
17.202
17.209
17.214
17.217
17.22
17.223
17.226
17.228
17.229
17.231
17.235
17.239
17.246
17.248
17.252
17.254
17.259
17.263
17.27
17.274
17.278
17.28
17.282
17.287
17.288
17.292
17.294
17.3
17.304
17.305
17.311
17.314
17.318
17.322
17.325
17.328
17.334
17.336
17.34
17.342
17.345
17.35
17.355
17.356
17.36
17.363
17.365
17.367
17.371
17.38
17.383
17.385
17.388
17.396
17.398
17.401
17.405
17.409
17.41
17.414
17.417
17.42
17.421
17.425
17.426
17.431
17.436
17.44
17.442
17.449
17.451
17.453
17.458
17.462
17.465
17.467
17.477
17.479
17.487
17.488
17.492
17.494
17.498
17.501
17.505
17.509
17.511
17.513
17.517
17.521
17.524
17.526
17.528
17.534
17.534
17.541
17.543
17.547
17.55
17.551
17.556
17.559
17.562
17.566
17.567
17.572
17.577
17.583
17.584
17.59
17.592
17.596
17.599
17.602
17.607
17.61
17.617
17.621
17.623
17.628
17.63
17.632
17.632
17.635
17.643
17.646
17.649
17.654
17.655
17.661
17.665
17.667
17.674
17.678
17.681
17.682
17.686
17.69
17.694
17.698
17.702
17.704
17.708
17.711
17.717
17.719
17.72
17.729
17.729
17.73
17.737
17.741
17.746
17.75
17.751
17.755
17.756
17.761
17.765
17.769
17.773
17.778
17.782
17.785
17.787
17.79
17.792
17.794
17.799
17.8
17.808
17.812
17.815
17.817
17.826
17.829
17.831
17.835
17.84
17.841
17.848
17.853
17.854
17.858
17.863
17.866
17.866
17.868
17.877
17.882
17.883
17.885
17.888
17.891
17.894
17.899
17.901
17.905
17.908
17.916
17.918
17.924
17.932
17.933
17.935
17.941
17.942
17.944
17.946
17.949
17.952
17.955
17.958
17.96
17.966
17.97
17.976
17.979
17.985
17.987
17.992
17.994
17.999
18.002
18.006
18.008
18.013
18.015
18.018
18.024
18.028
18.034
18.036
18.039
18.042
18.048
18.05
18.053
18.056
18.063
18.064
18.065
18.068
18.073
18.077
18.081
18.088
18.089
18.091
18.095
18.099
18.102
18.107
18.111
18.116
18.119
18.121
18.123
18.125
18.126
18.13
18.136
18.143
18.146
18.149
18.155
18.156
18.157
18.163
18.167
18.168
18.176
18.177
18.18
18.186
18.19
18.193
18.197
18.2
18.205
18.208
18.21
18.214
18.218
18.225
18.228
18.231
18.235
18.236
18.243
18.245
18.249
18.249
18.251
18.256
18.261
18.266
18.269
18.272
18.275
18.277
18.286
18.287
18.291
18.296
18.298
18.302
18.306
18.31
18.313
18.315
18.318
18.321
18.328
18.33
18.333
18.336
18.341
18.344
18.348
18.352
18.356
18.357
18.358
18.362
18.365
18.376
18.379
18.383
18.389
18.39
18.392
18.396
18.398
18.402
18.406
18.408
18.411
18.413
18.42
18.423
18.428
18.431
18.434
18.438
18.444
18.445
18.448
18.453
18.454
18.458
18.461
18.465
18.468
18.472
18.474
18.478
18.486
18.488
18.493
18.496
18.501
18.502
18.503
18.509
18.514
18.518
18.521
18.527
18.531
18.533
18.535
18.541
18.544
18.548
18.555
18.558
18.562
18.564
18.569
18.572
18.575
18.577
18.58
18.585
18.588
18.594
18.597
18.599
18.605
18.607
18.613
18.616
18.619
18.624
18.626
18.633
18.635
18.637
18.645
18.649
18.65
18.653
18.654
18.656
18.658
18.665
18.671
18.679
18.681
18.683
18.684
18.687
18.69
18.695
18.696
18.702
18.704
18.707
18.711
18.715
18.719
18.723
18.728
18.73
18.734
18.741
18.746
18.75
18.752
18.756
18.76
18.763
18.767
18.77
18.772
18.778
18.783
18.788
18.792
18.794
18.799
18.8
18.806
18.81
18.814
18.816
18.822
18.823
18.825
18.831
18.834
18.838
18.841
18.843
18.849
18.85
18.852
18.86
18.863
18.866
18.87
18.873
18.876
18.883
18.886
18.89
18.891
18.899
18.904
18.907
18.91
18.913
18.917
18.925
18.928
18.929
18.93
18.935
18.936
18.939
18.941
18.946
18.951
18.955
18.959
18.966
18.97
18.973
18.977
18.979
18.981
18.985
18.99
18.998
19.003
19.006
19.01
19.011
19.015
19.017
19.023
19.025
19.029
19.032
19.036
19.041
19.043
19.046
19.051
19.054
19.057
19.061
19.065
19.067
19.074
19.075
19.081
19.086
19.088
19.092
19.096
19.098
19.103
19.107
19.113
19.115
19.117
19.119
19.126
19.129
19.135
19.138
19.141
19.143
19.148
19.154
19.155
19.157
19.165
19.168
19.17
19.172
19.177
19.182
19.184
19.186
19.189
19.195
19.198
19.201
19.203
19.207
19.211
19.219
19.221
19.228
19.231
19.231
19.237
19.241
19.242
19.248
19.255
19.259
19.26
19.264
19.266
19.275
19.277
19.284
19.285
19.29
19.29
19.296
19.298
19.3
19.311
19.313
19.317
19.322
19.325
19.328
19.33
19.337
19.34
19.342
19.345
19.352
19.357
19.363
19.363
19.366
19.37
19.373
19.378
19.378
19.38
19.382
19.387
19.394
19.397
19.405
19.408
19.413
19.416
19.419
19.422
19.426
19.431
19.433
19.439
19.44
19.445
19.45
19.451
19.453
19.457
19.463
19.466
19.468
19.474
19.479
19.483
19.484
19.488
19.494
19.502
19.503
19.507
19.512
19.515
19.519
19.521
19.522
19.527
19.534
19.537
19.542
19.546
19.548
19.552
19.555
19.56
19.563
19.566
19.57
19.572
19.576
19.58
19.584
19.591
19.594
19.596
19.603
19.604
19.607
19.609
19.616
19.619
19.623
19.627
19.632
19.636
19.641
19.642
19.647
19.65
19.656
19.66
19.663
19.664
19.668
19.676
19.68
19.68
19.684
19.69
19.694
19.7
19.703
19.706
19.711
19.713
19.716
19.728
19.73
19.734
19.736
19.737
19.74
19.745
19.747
19.748
19.751
19.758
19.761
19.763
19.77
19.774
19.777
19.783
19.785
19.787
19.791
19.791
19.792
19.799
19.806
19.812
19.814
19.817
19.825
19.829
19.832
19.837
19.84
19.845
19.846
19.851
19.854
19.861
19.863
19.867
19.87
19.879
19.88
19.882
19.89
19.894
19.896
19.9
19.906
19.912
19.914
19.918
19.92
19.923
19.925
19.93
19.934
19.936
19.944
19.947
19.95
19.952
19.957
19.959
19.961
19.965
19.97
19.971
19.972
19.979
19.984
19.987
19.993
19.995
19.997
20.009
20.011
20.018
20.02
20.024
20.026
20.031
20.038
20.041
20.043
20.045
20.05
20.055
20.057
20.059
20.064
20.067
20.069
20.075
20.081
20.086
20.089
20.092
20.099
20.103
20.104
20.106
20.11
20.113
20.119
20.129
20.133
20.139
20.14
20.146
20.151
20.153
20.156
20.162
20.162
20.17
20.171
20.174
20.177
20.181
20.182
20.189
20.195
20.198
20.2
20.208
20.21
20.214
20.216
20.218
20.228
20.228
20.231
20.237
20.24
20.243
20.245
20.25
20.251
20.257
20.259
20.265
20.268
20.276
20.281
20.285
20.286
20.292
20.3
20.303
20.308
20.31
20.312
20.315
20.319
20.323
20.327
20.329
20.333
20.338
20.341
20.347
20.353
20.357
20.36
20.362
20.368
20.371
20.374
20.381
20.383
20.384
20.386
20.39
20.393
20.401
20.409
20.41
20.411
20.415
20.418
20.421
20.426
20.435
20.44
20.441
20.445
20.449
20.455
20.458
20.461
20.461
20.469
20.471
20.476
20.481
20.485
20.489
20.491
20.498
20.502
20.504
20.509
20.513
20.516
20.518
20.524
20.527
20.532
20.539
20.544
20.546
20.549
20.552
20.556
20.56
20.563
20.566
20.577
20.578
20.581
20.586
20.588
20.588
20.593
20.598
20.603
20.608
20.613
20.618
20.621
20.627
20.63
20.632
20.636
20.639
20.641
20.651
20.654
20.659
20.665
20.667
20.671
20.676
20.678
20.69
20.692
20.695
20.697
20.7
20.702
20.706
20.709
20.71
20.718
20.724
20.727
20.732
20.734
20.74
20.741
20.748
20.749
20.753
20.757
20.765
20.772
20.773
20.775
20.777
20.78
20.786
20.79
20.796
20.803
20.806
20.811
20.813
20.817
20.817
20.821
20.824
20.829
20.836
20.842
20.845
20.845
20.848
20.855
20.86
20.862
20.867
20.867
20.876
20.88
20.883
20.887
20.889
20.892
20.898
20.905
20.909
20.913
20.918
20.923
20.926
20.932
20.933
20.937
20.945
20.949
20.951
20.955
20.957
20.959
20.962
20.965
20.968
20.973
20.98
20.98
20.987
20.989
20.995
21.003
21.007
21.009
21.014
21.02
21.022
21.028
21.03
21.034
21.037
21.04
21.044
21.048
21.049
21.052
21.062
21.065
21.068
21.07
21.078
21.081
21.084
21.088
21.091
21.094
21.099
21.105
21.109
21.115
21.118
21.122
21.124
21.128
21.135
21.139
21.143
21.147
21.152
21.157
21.161
21.166
21.171
21.174
21.178
21.182
21.186
21.188
21.191
21.2
21.201
21.208
21.212
21.213
21.218
21.22
21.229
21.23
21.233
21.24
21.243
21.25
21.251
21.257
21.259
21.267
21.27
21.272
21.274
21.282
21.285
21.286
21.292
21.298
21.302
21.308
21.308
21.313
21.315
21.322
21.326
21.329
21.331
21.332
21.334
21.34
21.344
21.351
21.356
21.359
21.363
21.369
21.374
21.374
21.38
21.385
21.387
21.394
21.398
21.401
21.402
21.408
21.412
21.413
21.419
21.421
21.426
21.432
21.438
21.443
21.444
21.45
21.452
21.455
21.458
21.462
21.464
21.469
21.473
21.48
21.482
21.488
21.49
21.494
21.5
21.503
21.51
21.518
21.52
21.525
21.53
21.534
21.534
21.541
21.544
21.55
21.552
21.558
21.561
21.564
21.566
21.572
21.574
21.577
21.583
21.588
21.591
21.595
21.597
21.603
21.608
21.612
21.616
21.622
21.625
21.629
21.631
21.635
21.638
21.642
21.646
21.652
21.657
21.662
21.668
21.671
21.677
21.682
21.687
21.692
21.694
21.698
21.701
21.704
21.708
21.713
21.717
21.721
21.725
21.728
21.732
21.736
21.742
21.746
21.748
21.755
21.757
21.763
21.765
21.773
21.774
21.777
21.786
21.791
21.792
21.798
21.803
21.807
21.81
21.814
21.819
21.821
21.824
21.829
21.832
21.835
21.839
21.841
21.849
21.854
21.858
21.862
21.866
21.868
21.875
21.881
21.883
21.885
21.892
21.897
21.9
21.901
21.908
21.912
21.921
21.924
21.929
21.931
21.934
21.94
21.942
21.946
21.949
21.952
21.957
21.963
21.967
21.973
21.974
21.98
21.986
21.988
21.989
21.994
22
22.003
22.006
22.014
22.015
22.019
22.023
22.027
22.033
22.038
22.044
22.046
22.049
22.055
22.058
22.064
22.066
22.07
22.074
22.082
22.087
22.09
22.094
22.095
22.098
22.111
22.112
22.118
22.12
22.127
22.13
22.131
22.136
22.143
22.145
22.15
22.153
22.155
22.162
22.163
22.167
22.169
22.18
22.185
22.187
22.19
22.191
22.198
22.201
22.203
22.208
22.21
22.219
22.222
22.228
22.231
22.237
22.24
22.246
22.251
22.253
22.256
22.266
22.268
22.273
22.277
22.281
22.285
22.29
22.293
22.3
22.303
22.306
22.307
22.309
22.316
22.32
22.329
22.333
22.336
22.338
22.341
22.352
22.354
22.356
22.359
22.366
22.369
22.371
22.379
22.385
22.387
22.393
22.397
22.402
22.404
22.407
22.411
22.413
22.416
22.422
22.425
22.428
22.436
22.44
22.443
22.448
22.454
22.455
22.464
22.469
22.471
22.477
22.478
22.483
22.487
22.492
22.497
22.5
22.501
22.506
22.512
22.514
22.521
22.526
22.529
22.531
22.537
22.542
22.545
22.551
22.557
22.56
22.572
22.574
22.576
22.582
22.585
22.588
22.59
22.593
22.599
22.602
22.606
22.609
22.611
22.618
22.621
22.629
22.633
22.635
22.64
22.645
22.65
22.656
22.659
22.662
22.666
22.668
22.674
22.679
22.681
22.69
22.692
22.694
22.696
22.702
22.709
22.711
22.718
22.725
22.727
22.73
22.735
22.738
22.747
22.75
22.752
22.756
22.761
22.763
22.77
22.775
22.783
22.788
22.789
22.793
22.799
22.804
22.805
22.809
22.812
22.823
22.828
22.83
22.835
22.84
22.841
22.845
22.847
22.852
22.854
22.861
22.866
22.873
22.874
22.881
22.882
22.887
22.89
22.892
22.893
22.906
22.909
22.911
22.915
22.921
22.926
22.932
22.936
22.937
22.943
22.949
22.952
22.959
22.96
22.969
22.97
22.973
22.981
22.984
22.987
22.994
22.996
23
23.004
23.009
23.01
23.013
23.019
23.024
23.028
23.035
23.039
23.042
23.051
23.056
23.06
23.063
23.066
23.071
23.079
23.08
23.083
23.088
23.096
23.098
23.104
23.105
23.109
23.114
23.116
23.123
23.127
23.13
23.14
23.141
23.145
23.148
23.151
23.16
23.161
23.169
23.171
23.181
23.182
23.189
23.193
23.193
23.194
23.201
23.205
23.211
23.216
23.22
23.223
23.231
23.233
23.239
23.245
23.249
23.25
23.262
23.265
23.268
23.271
23.277
23.281
23.285
23.289
23.291
23.296
23.302
23.305
23.308
23.312
23.319
23.322
23.326
23.333
23.335
23.342
23.344
23.346
23.349
23.357
23.36
23.364
23.367
23.375
23.377
23.38
23.391
23.396
23.398
23.4
23.401
23.413
23.418
23.422
23.427
23.429
23.43
23.442
23.443
23.451
23.453
23.458
23.46
23.466
23.473
23.479
23.485
23.487
23.489
23.493
23.499
23.501
23.507
23.512
23.515
23.52
23.524
23.525
23.527
23.534
23.538
23.543
23.552
23.555
23.557
23.563
23.57
23.573
23.581
23.583
23.587
23.593
23.594
23.598
23.602
23.609
23.612
23.615
23.616
23.617
23.621
23.628
23.63
23.635
23.64
23.65
23.651
23.661
23.662
23.667
23.674
23.677
23.68
23.685
23.693
23.698
23.7
23.705
23.714
23.717
23.721
23.728
23.733
23.736
23.739
23.741
23.755
23.76
23.761
23.765
23.767
23.77
23.773
23.773
23.78
23.781
23.792
23.795
23.799
23.81
23.812
23.814
23.817
23.822
23.829
23.834
23.836
23.842
23.846
23.852
23.855
23.864
23.866
23.869
23.874
23.881
23.881
23.884
23.887
23.894
23.899
23.902
23.908
23.914
23.916
23.922
23.926
23.928
23.938
23.938
23.943
23.952
23.955
23.957
23.959
23.962
23.966
23.974
23.979
23.98
23.991
23.995
23.998
24.004
24.007
24.009
24.013
24.016
24.025
24.027
24.028
24.036
24.043
24.046
24.051
24.058
24.059
24.066
24.073
24.079
24.082
24.088
24.091
24.093
24.098
24.1
24.105
24.109
24.111
24.119
24.123
24.126
24.131
24.136
24.141
24.148
24.154
24.16
24.162
24.162
24.17
24.174
24.181
24.185
24.189
24.193
24.196
24.204
24.208
24.212
24.216
24.223
24.226
24.232
24.24
24.243
24.25
24.253
24.255
24.261
24.264
24.267
24.27
24.275
24.281
24.288
24.292
24.296
24.302
24.307
24.311
24.314
24.319
24.326
24.33
24.337
24.341
24.347
24.351
24.354
24.36
24.364
24.369
24.374
24.379
24.38
24.387
24.389
24.392
24.399
24.402
24.408
24.409
24.42
24.422
24.426
24.434
24.443
24.446
24.448
24.448
24.458
24.461
24.465
24.467
24.472
24.473
24.478
24.483
24.49
24.496
24.498
24.503
24.51
24.515
24.516
24.522
24.525
24.532
24.535
24.539
24.54
24.548
24.553
24.556
24.567
24.573
24.575
24.578
24.583
24.587
24.596
24.599
24.604
24.608
24.612
24.615
24.619
24.629
24.632
24.633
24.638
24.642
24.647
24.65
24.655
24.66
24.664
24.674
24.676
24.686
24.686
24.692
24.698
24.705
24.708
24.71
24.714
24.719
24.727
24.729
24.732
24.739
24.745
24.749
24.752
24.755
24.756
24.767
24.769
24.773
24.781
24.785
24.788
24.797
24.8
24.804
24.811
24.815
24.82
24.824
24.827
24.832
24.838
24.84
24.843
24.853
24.857
24.86
24.866
24.87
24.879
24.882
24.885
24.889
24.893
24.904
24.911
24.913
24.918
24.922
24.926
24.93
24.938
24.945
24.947
24.952
24.953
24.964
24.969
24.972
24.978
24.987
24.988
24.992
25.001
25.004
25.009
25.014
25.02
25.022
25.024
25.033
25.041
25.045
25.046
25.053
25.06
25.063
25.069
25.072
25.075
25.081
25.085
25.092
25.095
25.099
25.103
25.114
25.117
25.122
25.126
25.135
25.139
25.146
25.149
25.151
25.159
25.16
25.17
25.173
25.178
25.18
25.189
25.19
25.197
25.201
25.206
25.211
25.216
25.22
25.224
25.228
25.234
25.238
25.243
25.249
25.26
25.262
25.268
25.275
25.278
25.281
25.286
25.288
25.291
25.292
25.299
25.307
25.308
25.316
25.322
25.33
25.337
25.34
25.344
25.348
25.352
25.357
25.369
25.374
25.379
25.38
25.385
25.393
25.398
25.4
25.406
25.412
25.413
25.423
25.427
25.433
25.442
25.447
25.451
25.454
25.46
25.461
25.466
25.472
25.473
25.476
25.488
25.494
25.5
25.506
25.506
25.511
25.517
25.52
25.528
25.536
25.537
25.539
25.547
25.553
25.558
25.561
25.565
25.57
25.582
25.585
25.589
25.597
25.598
25.603
25.609
25.613
25.615
25.623
25.628
25.632
25.637
25.647
25.65
25.652
25.657
25.662
25.666
25.671
25.678
25.687
25.69
25.692
25.698
25.699
25.71
25.714
25.717
25.721
25.728
25.737
25.741
25.75
25.753
25.754
25.764
25.767
25.777
25.781
25.785
25.794
25.796
25.801
25.808
25.811
25.816
25.821
25.826
25.83
25.835
25.838
25.844
25.855
25.86
25.865
25.866
25.877
25.879
25.881
25.889
25.895
25.899
25.904
25.906
25.914
25.924
25.932
25.937
25.938
25.944
25.948
25.955
25.964
25.968
25.974
25.983
25.986
25.988
25.991
25.996
26.005
26.011
26.014
26.021
26.022
26.023
26.033
26.038
26.048
26.051
26.056
26.057
26.071
26.079
26.086
26.087
26.094
26.1
26.106
26.113
26.113
26.119
26.126
26.128
26.134
26.139
26.146
26.154
26.16
26.164
26.167
26.172
26.173
26.182
26.186
26.193
26.198
26.208
26.212
26.217
26.225
26.229
26.233
26.237
26.249
26.249
26.259
26.269
26.27
26.28
26.282
26.289
26.292
26.296
26.298
26.312
26.317
26.322
26.326
26.33
26.334
26.337
26.343
26.349
26.354
26.362
26.369
26.376
26.378
26.382
26.392
26.396
26.408
26.413
26.418
26.423
26.425
26.43
26.435
26.444
26.451
26.459
26.464
26.468
26.47
26.475
26.48
26.488
26.492
26.501
26.504
26.506
26.512
26.517
26.522
26.529
26.538
26.545
26.548
26.556
26.558
26.561
26.567
26.573
26.579
26.589
26.595
26.603
26.604
26.608
26.623
26.626
26.629
26.633
26.638
26.647
26.658
26.661
26.67
26.673
26.675
26.686
26.689
26.693
26.701
26.705
26.711
26.715
26.719
26.723
26.736
26.739
26.746
26.749
26.759
26.761
26.765
26.773
26.782
26.791
26.8
26.806
26.817
26.818
26.828
26.83
26.831
26.837
26.842
26.849
26.854
26.865
26.872
26.881
26.882
26.894
26.9
26.903
26.909
26.916
26.917
26.92
26.93
26.936
26.939
26.947
26.951
26.962
26.969
26.974
26.975
26.985
26.994
26.997
27.005
27.009
27.013
27.015
27.025
27.03
27.034
27.041
27.044
27.05
27.057
27.063
27.074
27.077
27.083
27.085
27.096
27.108
27.111
27.118
27.123
27.126
27.131
27.136
27.14
27.148
27.15
27.158
27.169
27.173
27.183
27.189
27.191
27.199
27.203
27.207
27.218
27.22
27.226
27.238
27.242
27.247
27.255
27.26
27.264
27.271
27.275
27.286
27.287
27.295
27.296
27.306
27.314
27.322
27.331
27.346
27.348
27.357
27.361
27.366
27.367
27.374
27.382
27.389
27.392
27.399
27.4
27.409
27.415
27.42
27.436
27.437
27.442
27.451
27.454
27.463
27.47
27.475
27.48
27.491
27.502
27.511
27.515
27.522
27.53
27.533
27.536
27.547
27.551
27.557
27.563
27.569
27.581
27.589
27.592
27.598
27.6
27.608
27.613
27.626
27.634
27.64
27.643
27.645
27.656
27.661
27.669
27.679
27.68
27.688
27.692
27.702
27.706
27.71
27.719
27.726
27.737
27.738
27.749
27.755
27.768
27.772
27.776
27.786
27.787
27.796
27.799
27.804
27.815
27.824
27.829
27.834
27.84
27.859
27.86
27.88
27.884
27.886
27.892
27.902
27.915
27.922
27.932
27.935
27.942
27.954
27.958
27.966
27.97
27.982
27.983
27.994
28
28.001
28.004
28.01
28.025
28.032
28.04
28.052
28.058
28.068
28.073
28.077
28.086
28.094
28.105
28.114
28.117
28.122
28.129
28.14
28.152
28.152
28.159
28.171
28.177
28.184
28.193
28.198
28.203
28.214
28.217
28.227
28.239
28.245
28.252
28.263
28.268
28.284
28.288
28.291
28.301
28.306
28.315
28.325
28.338
28.344
28.353
28.367
28.372
28.391
28.397
28.407
28.413
28.423
28.432
28.438
28.448
28.454
28.459
28.468
28.473
28.482
28.502
28.508
28.522
28.532
28.535
28.547
28.552
28.561
28.565
28.579
28.598
28.611
28.618
28.628
28.63
28.64
28.652
28.656
28.663
28.673
28.679
28.692
28.699
28.722
28.725
28.732
28.748
28.754
28.759
28.77
28.776
28.789
28.8
28.805
28.816
28.823
28.836
28.85
28.85
28.855
28.874
28.884
28.888
28.893
28.905
28.911
28.916
28.929
28.939
28.963
28.966
28.976
28.989
29.001
29.014
29.021
29.036
29.052
29.068
29.079
29.09
29.103
29.109
29.123
29.135
29.155
29.158
29.164
29.176
29.184
29.2
29.204
29.215
29.224
29.228
29.24
29.247
29.248
29.264
29.272
29.284
29.297
29.312
29.32
29.34
29.346
29.35
29.363
29.369
29.379
29.389
29.393
29.419
29.426
29.44
29.445
29.451
29.461
29.481
29.485
29.503
29.521
29.531
29.534
29.548
29.556
29.562
29.578
29.582
29.588
29.61
29.618
29.627
29.633
29.648
29.66
29.678
29.681
29.697
29.713
29.733
29.735
29.758
29.774
29.782
29.796
29.805
29.812
29.836
29.846
29.865
29.871
29.885
29.899
29.912
29.927
29.936
29.954
29.981
29.997
30.008
30.016
30.024
30.048
30.054
30.068
30.087
30.099
30.111
30.118
30.121
30.146
30.153
30.156
30.166
30.19
30.194
30.21
30.225
30.262
30.294
30.295
30.3
30.308
30.375
30.38
30.39
30.41
30.439
30.448
30.466
30.507
30.525
30.529
30.539
30.568
30.573
30.59
30.602
30.625
30.636
30.645
30.652
30.67
30.71
30.734
30.751
30.77
30.785
30.793
30.815
30.845
30.864
30.902
30.912
30.94
30.95
30.971
30.995
30.999
31.014
31.057
31.099
31.103
31.124
31.14
31.161
31.178
31.188
31.205
31.216
31.231
31.253
31.312
31.327
31.379
31.392
31.408
31.477
31.516
31.562
31.572
31.59
31.604
31.63
31.659
31.672
31.696
31.765
31.772
31.809
31.82
31.883
31.92
31.958
31.99
32.006
32.029
32.077
32.115
32.125
32.134
32.227
32.239
32.252
32.297
32.36
32.382
32.401
32.479
32.578
32.632
32.773
32.791
32.827
32.844
32.855
32.9
32.905
33.042
33.046
33.273
33.296
33.468
33.496
33.599
33.781
33.891
33.91
34.116
34.658
36.349
