0
0
0
2.2529
2.261
2.2806
2.2917
2.2979
2.3084
2.3144
2.3181
2.3197
2.3254
2.3447
2.3606
2.6345
2.6378
2.6398
2.6422
2.6553
2.6584
2.6642
2.6729
2.6777
2.6922
2.6972
2.7006
3.3842
3.3951
3.4003
3.4107
3.4154
3.4205
3.4244
3.4327
3.4377
3.4387
3.4449
3.4499
3.4511
3.4594
3.4654
3.4695
3.4844
3.4965
3.505
3.5203
3.5377
3.5582
3.7049
3.7199
3.7298
3.736
3.7522
3.7564
3.7657
3.7808
3.7846
3.793
3.8026
3.8224
4.2371
4.2457
4.2473
4.2647
4.2781
4.2812
4.2849
4.2912
4.295
4.306
4.3156
4.318
4.3285
4.3307
4.3349
4.3413
4.3481
4.3511
4.3585
4.3651
4.376
4.3888
4.4048
4.4129
4.4673
4.4823
4.4957
4.5153
4.5262
4.5396
4.5473
4.5679
4.579
4.5905
4.6032
4.6235
4.6341
4.6461
4.6561
4.6631
4.6675
4.6684
4.6747
4.6842
4.6917
4.7016
4.7055
4.7173
4.719
4.7267
4.7299
4.7439
4.7503
4.757
4.7626
4.7707
4.7732
4.7924
4.8023
4.8145
4.9683
4.9812
4.9888
4.9938
5.0015
5.0161
5.028
5.0363
5.0422
5.0455
5.0512
5.0629
5.0688
5.0754
5.0911
5.0953
5.0992
5.103
5.1088
5.1138
5.1161
5.1216
5.1294
5.1335
5.1366
5.147
5.1502
5.1567
5.1706
5.1736
5.1812
5.189
5.1935
5.2102
5.2139
5.2207
5.3457
5.3696
5.3739
5.3863
5.3925
5.4062
5.4086
5.4177
5.422
5.4291
5.4352
5.4431
5.4574
5.4634
5.4666
5.4689
5.473
5.4754
5.4895
5.5006
5.5127
5.5233
5.5342
5.5408
5.5708
5.5975
5.6066
5.6273
5.6435
5.6465
5.658
5.6644
5.6688
5.6789
5.6904
5.7012
5.7137
5.7268
5.7292
5.7474
5.7519
5.7657
5.776
5.7814
5.7929
5.801
5.8034
5.8114
5.8154
5.83
5.8398
5.846
5.849
5.8597
5.8633
5.8775
5.8841
5.8999
5.914
5.9182
5.9633
5.9797
5.986
6.0065
6.0158
6.0264
6.0446
6.0635
6.0675
6.0819
6.0877
6.0999
6.1024
6.1087
6.1147
6.1229
6.1347
6.1413
6.1549
6.1603
6.1649
6.1728
6.1746
6.1816
6.1852
6.1959
6.1975
6.2049
6.2075
6.211
6.2235
6.2308
6.2386
6.2417
6.2515
6.2561
6.2612
6.2653
6.2669
6.2823
6.2921
6.2969
6.301
6.3089
6.313
6.3224
6.3271
6.3339
6.3429
6.3507
6.3597
6.3638
6.3728
6.3766
6.3812
6.3863
6.3923
6.401
6.4061
6.4076
6.4101
6.4161
6.4247
6.4269
6.4304
6.4395
6.4433
6.4509
6.459
6.4607
6.4689
6.4718
6.4785
6.4856
6.4883
6.4905
6.4946
6.5017
6.5049
6.5096
6.5153
6.5237
6.5272
6.5296
6.5356
6.5408
6.5431
6.55
6.5541
6.5589
6.5679
6.571
6.5718
6.576
6.5796
6.5819
6.5847
6.5863
6.5888
6.5904
6.5955
6.6002
6.6071
6.6173
6.6179
6.6259
6.628
6.636
6.6387
6.6416
6.6438
6.6462
6.6506
6.6571
6.6614
6.664
6.6694
6.6738
6.6821
6.6848
6.6901
6.6938
6.6958
6.6988
6.7043
6.7048
6.7126
6.715
6.7183
6.7263
6.7288
6.7333
6.7358
6.7395
6.7412
6.744
6.7477
6.763
6.7642
6.7671
6.7706
6.7726
6.7833
6.7857
6.7943
6.7988
6.8063
6.8084
6.8117
6.8142
6.8208
6.8239
6.8289
6.8325
6.8422
6.8437
6.8452
6.8523
6.8562
6.8579
6.8618
6.872
6.8761
6.8771
6.8836
6.8854
6.8875
6.8989
6.9013
6.9058
6.9095
6.9152
6.9209
6.9244
6.9288
6.9317
6.9424
6.9462
6.9536
6.9578
6.9638
6.9717
6.9733
6.9774
6.9821
6.9877
6.9892
6.9969
7.0016
7.0029
7.0106
7.0139
7.0147
7.021
7.0249
7.0325
7.0376
7.0443
7.0492
7.0539
7.0599
7.0642
7.0657
7.0709
7.0737
7.0771
7.0873
7.0882
7.0941
7.0955
7.0988
7.1084
7.1099
7.1128
7.1179
7.1222
7.1268
7.1336
7.1342
7.1405
7.1443
7.1525
7.1587
7.1616
7.1647
7.1649
7.1716
7.1743
7.1829
7.184
7.1887
7.1924
7.1964
7.2007
7.2055
7.2115
7.2164
7.2189
7.2267
7.2301
7.2369
7.2375
7.2434
7.2509
7.2529
7.2598
7.262
7.2694
7.2717
7.2774
7.2828
7.2887
7.2964
7.2981
7.3005
7.3029
7.3083
7.3117
7.3163
7.3182
7.3236
7.3286
7.333
7.3366
7.3451
7.3523
7.3546
7.3568
7.3632
7.3681
7.3716
7.3732
7.382
7.3851
7.3887
7.3982
7.4012
7.402
7.4057
7.4088
7.4112
7.4175
7.4253
7.4308
7.4353
7.4387
7.4403
7.4426
7.4502
7.4538
7.4543
7.4577
7.4685
7.4694
7.478
7.4817
7.4851
7.4893
7.4938
7.4961
7.5018
7.5083
7.5111
7.5199
7.5216
7.523
7.5354
7.5402
7.5426
7.5482
7.55
7.5564
7.5596
7.564
7.574
7.5781
7.5836
7.5877
7.5915
7.596
7.6011
7.6069
7.6109
7.6125
7.622
7.6257
7.6282
7.6314
7.6407
7.6453
7.6501
7.6525
7.6537
7.6658
7.6705
7.6792
7.6852
7.6882
7.6894
7.6978
7.703
7.7065
7.7127
7.7184
7.7237
7.7276
7.7308
7.7357
7.7437
7.7437
7.7506
7.7517
7.7597
7.7617
7.7665
7.7703
7.7774
7.7813
7.7832
7.7859
7.7907
7.7914
7.7961
7.8031
7.8064
7.8102
7.8118
7.8152
7.818
7.8211
7.8222
7.8285
7.8329
7.8334
7.8372
7.841
7.8448
7.8504
7.855
7.8557
7.8592
7.8607
7.8637
7.8669
7.872
7.8788
7.8823
7.8834
7.8877
7.8888
7.891
7.8967
7.898
7.9003
7.9067
7.9142
7.9154
7.9178
7.9186
7.9256
7.9268
7.9303
7.9345
7.9394
7.9434
7.9459
7.9486
7.9494
7.953
7.9559
7.957
7.9628
7.9645
7.9682
7.9692
7.9721
7.9761
7.981
7.9844
7.9861
7.9883
7.9908
7.9957
7.9974
8.0013
8.0046
8.0059
8.0083
8.0149
8.0175
8.0182
8.0206
8.0227
8.0266
8.0283
8.0313
8.033
8.0381
8.0407
8.0418
8.0471
8.0503
8.053
8.0544
8.0584
8.0618
8.0631
8.0661
8.0689
8.0698
8.0729
8.0763
8.0794
8.0829
8.0854
8.0866
8.0912
8.0943
8.0956
8.0971
8.0993
8.1008
8.1048
8.1073
8.1115
8.1131
8.1169
8.1195
8.1208
8.1252
8.1311
8.1328
8.1352
8.1373
8.1387
8.1421
8.1432
8.1449
8.148
8.152
8.1541
8.1581
8.1592
8.1621
8.1651
8.168
8.1714
8.1726
8.1766
8.1784
8.1802
8.1832
8.1853
8.188
8.1885
8.1896
8.1909
8.1955
8.1987
8.2007
8.203
8.2049
8.2075
8.2098
8.2149
8.216
8.2194
8.2204
8.222
8.2228
8.226
8.2271
8.2303
8.2308
8.2344
8.2375
8.2409
8.244
8.2458
8.2482
8.2512
8.2542
8.2558
8.2565
8.2601
8.2608
8.2619
8.2646
8.2665
8.2701
8.2715
8.2746
8.2774
8.2795
8.2822
8.287
8.2878
8.2893
8.2905
8.2921
8.2957
8.2991
8.3006
8.3054
8.3062
8.3092
8.3113
8.3128
8.3161
8.3166
8.3195
8.3216
8.3254
8.3262
8.3277
8.3294
8.332
8.3348
8.3362
8.3386
8.3415
8.3419
8.3428
8.348
8.3513
8.352
8.3534
8.3591
8.3618
8.363
8.3678
8.3685
8.3699
8.3731
8.3769
8.3781
8.38
8.3811
8.3846
8.3853
8.3876
8.3893
8.3904
8.3935
8.3951
8.3989
8.3994
8.4024
8.404
8.4071
8.4094
8.4102
8.4119
8.4147
8.4158
8.4211
8.4251
8.4277
8.4291
8.4317
8.4329
8.4361
8.4374
8.4404
8.4427
8.4463
8.4488
8.4495
8.4519
8.4537
8.4542
8.4589
8.4605
8.4625
8.4633
8.4651
8.4669
8.4672
8.4729
8.4739
8.4744
8.4785
8.4794
8.4825
8.4862
8.4891
8.4913
8.494
8.4955
8.4981
8.5
8.5036
8.5043
8.5054
8.5072
8.5093
8.5126
8.5132
8.5164
8.521
8.5218
8.5239
8.5249
8.5265
8.5278
8.5312
8.533
8.5363
8.5404
8.5408
8.5437
8.5452
8.5507
8.5521
8.5539
8.5564
8.5595
8.5625
8.5635
8.5664
8.5694
8.5714
8.5738
8.5769
8.5792
8.5795
8.5822
8.5834
8.5854
8.5872
8.589
8.5901
8.598
8.599
8.6029
8.6057
8.6075
8.6096
8.613
8.6137
8.6141
8.6184
8.6203
8.6222
8.6236
8.625
8.6274
8.6301
8.6323
8.6371
8.6379
8.6398
8.6431
8.6462
8.648
8.6511
8.6516
8.6542
8.658
8.6581
8.6609
8.6651
8.6677
8.6692
8.6705
8.6722
8.6749
8.6787
8.6817
8.6822
8.6859
8.6877
8.6916
8.6926
8.6944
8.6961
8.6994
8.7043
8.7053
8.7059
8.7078
8.7139
8.7147
8.7153
8.7193
8.7211
8.7225
8.7253
8.7273
8.7283
8.7338
8.7342
8.7356
8.7373
8.7417
8.7423
8.7437
8.7486
8.7491
8.7513
8.7539
8.7555
8.7595
8.7614
8.7621
8.7649
8.7691
8.7713
8.7727
8.7754
8.7767
8.78
8.7839
8.7848
8.7886
8.7904
8.7925
8.7937
8.7958
8.8007
8.8027
8.8039
8.8058
8.8081
8.8108
8.8124
8.8139
8.8155
8.8189
8.8237
8.826
8.8291
8.8308
8.8325
8.8361
8.8381
8.8405
8.8422
8.8457
8.8478
8.8487
8.8509
8.8531
8.8574
8.8593
8.8622
8.864
8.8654
8.8664
8.8679
8.8708
8.8728
8.8777
8.8782
8.8806
8.8828
8.8848
8.8886
8.8897
8.892
8.8933
8.8943
8.8956
8.9006
8.9029
8.9044
8.9082
8.9086
8.9115
8.9153
8.9154
8.9191
8.922
8.9229
8.9263
8.9274
8.9293
8.9314
8.9343
8.9365
8.9406
8.9429
8.9442
8.9486
8.9506
8.9546
8.9571
8.9583
8.9613
8.9629
8.9664
8.9673
8.9698
8.9719
8.9741
8.9775
8.9794
8.9816
8.9833
8.9838
8.9863
8.9896
8.9915
8.9927
8.9934
8.9988
9.0009
9.002
9.0051
9.007
9.0079
9.0121
9.0133
9.015
9.0173
9.0204
9.0233
9.0238
9.0265
9.0276
9.0333
9.0337
9.0379
9.04
9.042
9.0441
9.0461
9.0472
9.05
9.0525
9.0543
9.0558
9.0597
9.0627
9.0652
9.0685
9.0687
9.0715
9.0739
9.0746
9.0786
9.0795
9.081
9.0845
9.0867
9.0888
9.091
9.0942
9.0973
9.0987
9.1016
9.1028
9.1042
9.1074
9.1109
9.1136
9.1157
9.1174
9.119
9.1204
9.1223
9.1267
9.1283
9.1285
9.1349
9.1372
9.1388
9.1399
9.1411
9.145
9.1474
9.1476
9.1509
9.1519
9.1568
9.1581
9.159
9.1618
9.1633
9.1649
9.1679
9.1715
9.1727
9.1744
9.1784
9.18
9.1811
9.1847
9.1849
9.1888
9.1904
9.1952
9.1977
9.1986
9.1994
9.2034
9.2051
9.2069
9.2096
9.2108
9.2143
9.2161
9.2173
9.2199
9.2216
9.224
9.2266
9.2283
9.2293
9.2333
9.2371
9.2384
9.2408
9.2432
9.2443
9.2457
9.2465
9.2495
9.2508
9.255
9.2562
9.2574
9.2595
9.2613
9.2639
9.2662
9.2693
9.2722
9.273
9.2758
9.2771
9.2793
9.28
9.2811
9.2845
9.2871
9.2891
9.2905
9.2951
9.2963
9.2981
9.3028
9.3074
9.3081
9.3089
9.3117
9.3143
9.3156
9.3183
9.3209
9.3218
9.3243
9.3265
9.3285
9.3309
9.3345
9.3356
9.3378
9.3403
9.3409
9.3426
9.3459
9.3483
9.3507
9.3511
9.3545
9.3565
9.3582
9.3599
9.3604
9.3635
9.3683
9.3711
9.3734
9.3748
9.3776
9.3779
9.3791
9.3806
9.3821
9.3856
9.3873
9.3886
9.3899
9.3936
9.3953
9.3971
9.3989
9.4002
9.4023
9.4051
9.407
9.409
9.4109
9.4144
9.4174
9.4197
9.4224
9.424
9.4253
9.4289
9.4305
9.4319
9.4345
9.436
9.4373
9.4385
9.44
9.4413
9.4436
9.4463
9.4477
9.4523
9.4539
9.4572
9.4586
9.46
9.4615
9.4638
9.4652
9.4686
9.4706
9.4713
9.4742
9.4777
9.4786
9.4815
9.4823
9.4841
9.4861
9.4884
9.4906
9.4931
9.4942
9.4957
9.4983
9.5002
9.503
9.5054
9.5067
9.5102
9.5109
9.514
9.5158
9.5196
9.5206
9.5208
9.5221
9.5229
9.5243
9.5263
9.5274
9.5294
9.5314
9.5357
9.5375
9.54
9.5409
9.5425
9.5434
9.5473
9.5483
9.5503
9.5528
9.5554
9.5581
9.5591
9.5609
9.5644
9.5684
9.5687
9.5707
9.5724
9.5741
9.5752
9.5766
9.5799
9.5801
9.5848
9.5851
9.5889
9.5899
9.5919
9.5937
9.5959
9.5972
9.5993
9.6008
9.6014
9.604
9.6053
9.6085
9.6098
9.6138
9.615
9.616
9.619
9.6194
9.6199
9.6229
9.6254
9.6262
9.628
9.6321
9.6328
9.6347
9.6365
9.6392
9.6442
9.6448
9.6472
9.6488
9.6497
9.6516
9.6535
9.6558
9.6583
9.6605
9.6621
9.6629
9.6643
9.6653
9.6677
9.6697
9.6707
9.6723
9.6762
9.6767
9.6811
9.6828
9.6841
9.6845
9.688
9.6892
9.6909
9.6934
9.6945
9.6949
9.6973
9.6998
9.7014
9.7032
9.7055
9.707
9.7088
9.7102
9.7124
9.7142
9.7179
9.7181
9.7207
9.7224
9.7244
9.7269
9.7281
9.7309
9.7338
9.7351
9.7357
9.7396
9.7415
9.742
9.7433
9.7459
9.7481
9.7502
9.7534
9.7539
9.7565
9.7583
9.7602
9.7622
9.7647
9.7665
9.7676
9.7705
9.7729
9.7746
9.7757
9.7783
9.7792
9.7798
9.7828
9.7831
9.7866
9.7884
9.7913
9.7928
9.7944
9.7957
9.7986
9.7986
9.8009
9.8036
9.8053
9.8065
9.8114
9.8122
9.8131
9.8162
9.8178
9.8216
9.8246
9.8256
9.8265
9.828
9.8327
9.8339
9.8347
9.8371
9.8385
9.8395
9.8423
9.8448
9.8463
9.8486
9.85
9.8513
9.8527
9.855
9.8563
9.8594
9.8604
9.8633
9.8659
9.8679
9.8695
9.8706
9.8715
9.8726
9.8752
9.8756
9.8781
9.8801
9.8821
9.8827
9.8873
9.8887
9.8894
9.8924
9.8939
9.8949
9.8977
9.8986
9.9012
9.9014
9.9044
9.9072
9.909
9.9109
9.9119
9.9145
9.9153
9.9176
9.9193
9.921
9.9233
9.9252
9.9274
9.9289
9.9309
9.9347
9.9355
9.9376
9.9408
9.9426
9.9444
9.946
9.9476
9.9487
9.9508
9.9514
9.9556
9.9563
9.9583
9.9595
9.9613
9.9634
9.9643
9.9651
9.9685
9.9691
9.9711
9.9733
9.9761
9.9765
9.9804
9.9821
9.9838
9.9866
9.9886
9.9905
9.991
9.9924
9.9945
9.9965
9.9988
10.001
10.002
10.004
10.006
10.008
10.011
10.012
10.013
10.015
10.017
10.021
10.022
10.023
10.024
10.028
10.029
10.032
10.035
10.036
10.038
10.04
10.042
10.043
10.044
10.047
10.048
10.049
10.05
10.054
10.056
10.058
10.06
10.061
10.063
10.065
10.066
10.068
10.069
10.072
10.073
10.076
10.078
10.081
10.082
10.084
10.085
10.087
10.089
10.091
10.093
10.095
10.097
10.1
10.101
10.102
10.106
10.108
10.108
10.109
10.113
10.116
10.117
10.119
10.121
10.122
10.123
10.125
10.125
10.128
10.132
10.133
10.135
10.135
10.137
10.139
10.14
10.143
10.146
10.147
10.151
10.151
10.153
10.155
10.155
10.159
10.161
10.163
10.164
10.166
10.167
10.171
10.173
10.174
10.176
10.178
10.179
10.181
10.184
10.185
10.186
10.187
10.189
10.193
10.194
10.196
10.198
10.199
10.203
10.205
10.205
10.207
10.209
10.21
10.212
10.214
10.215
10.218
10.22
10.221
10.225
10.227
10.229
10.232
10.233
10.233
10.236
10.238
10.24
10.241
10.244
10.246
10.247
10.248
10.249
10.252
10.254
10.255
10.256
10.261
10.262
10.263
10.264
10.267
10.27
10.271
10.273
10.275
10.276
10.277
10.278
10.281
10.282
10.284
10.285
10.288
10.289
10.289
10.291
10.293
10.299
10.299
10.3
10.302
10.306
10.307
10.309
10.311
10.313
10.314
10.316
10.318
10.321
10.322
10.322
10.325
10.326
10.328
10.329
10.331
10.334
10.335
10.341
10.342
10.343
10.344
10.347
10.348
10.35
10.35
10.352
10.356
10.358
10.359
10.364
10.366
10.367
10.368
10.37
10.371
10.372
10.376
10.377
10.378
10.381
10.382
10.384
10.385
10.386
10.388
10.391
10.392
10.394
10.397
10.398
10.399
10.401
10.402
10.405
10.406
10.407
10.41
10.41
10.412
10.417
10.419
10.421
10.422
10.424
10.428
10.43
10.432
10.434
10.435
10.436
10.439
10.441
10.442
10.444
10.446
10.446
10.449
10.45
10.454
10.456
10.457
10.459
10.461
10.462
10.464
10.466
10.467
10.469
10.47
10.473
10.474
10.475
10.477
10.479
10.481
10.484
10.485
10.487
10.489
10.49
10.493
10.494
10.495
10.497
10.5
10.501
10.503
10.506
10.509
10.51
10.513
10.514
10.515
10.517
10.522
10.525
10.525
10.526
10.529
10.53
10.532
10.534
10.535
10.538
10.539
10.539
10.541
10.542
10.545
10.548
10.549
10.55
10.552
10.553
10.556
10.557
10.56
10.562
10.565
10.568
10.568
10.571
10.572
10.575
10.577
10.579
10.581
10.583
10.584
10.584
10.587
10.589
10.59
10.591
10.594
10.598
10.599
10.601
10.603
10.604
10.605
10.607
10.61
10.612
10.613
10.614
10.615
10.619
10.622
10.625
10.626
10.627
10.628
10.629
10.633
10.634
10.634
10.637
10.638
10.64
10.641
10.642
10.644
10.647
10.649
10.651
10.653
10.655
10.656
10.656
10.657
10.659
10.663
10.664
10.665
10.669
10.671
10.673
10.674
10.676
10.676
10.68
10.682
10.684
10.685
10.686
10.689
10.692
10.692
10.694
10.696
10.699
10.701
10.703
10.705
10.706
10.708
10.708
10.713
10.714
10.716
10.717
10.719
10.72
10.722
10.725
10.726
10.727
10.73
10.734
10.735
10.737
10.738
10.739
10.741
10.744
10.746
10.746
10.749
10.75
10.752
10.754
10.756
10.758
10.761
10.763
10.764
10.765
10.767
10.769
10.77
10.772
10.773
10.775
10.776
10.778
10.778
10.781
10.782
10.785
10.787
10.788
10.788
10.791
10.793
10.795
10.798
10.799
10.801
10.803
10.805
10.806
10.808
10.812
10.813
10.814
10.816
10.817
10.82
10.821
10.823
10.825
10.827
10.829
10.83
10.831
10.833
10.834
10.836
10.836
10.843
10.843
10.846
10.848
10.85
10.852
10.853
10.856
10.857
10.858
10.859
10.86
10.863
10.865
10.865
10.868
10.87
10.872
10.874
10.876
10.877
10.88
10.881
10.882
10.885
10.886
10.888
10.89
10.891
10.892
10.894
10.896
10.897
10.901
10.903
10.903
10.905
10.908
10.91
10.912
10.913
10.914
10.918
10.919
10.92
10.923
10.923
10.925
10.925
10.929
10.93
10.931
10.933
10.935
10.937
10.938
10.941
10.943
10.944
10.945
10.949
10.949
10.951
10.954
10.955
10.956
10.958
10.959
10.961
10.963
10.965
10.966
10.968
10.969
10.971
10.972
10.973
10.978
10.98
10.981
10.983
10.985
10.988
10.99
10.991
10.993
10.993
10.993
10.996
10.997
10.998
11.001
11.002
11.006
11.008
11.008
11.011
11.013
11.015
11.017
11.019
11.019
11.02
11.022
11.024
11.026
11.026
11.029
11.03
11.034
11.034
11.036
11.039
11.039
11.042
11.046
11.048
11.049
11.051
11.054
11.055
11.055
11.058
11.06
11.062
11.062
11.065
11.068
11.07
11.071
11.073
11.074
11.074
11.077
11.079
11.08
11.081
11.083
11.084
11.086
11.088
11.09
11.092
11.093
11.094
11.098
11.099
11.101
11.101
11.104
11.105
11.107
11.11
11.112
11.112
11.115
11.117
11.118
11.121
11.122
11.123
11.125
11.128
11.128
11.129
11.132
11.134
11.135
11.138
11.139
11.141
11.141
11.143
11.147
11.147
11.15
11.152
11.153
11.154
11.157
11.159
11.16
11.164
11.165
11.166
11.167
11.169
11.169
11.17
11.173
11.175
11.177
11.18
11.181
11.183
11.184
11.186
11.187
11.187
11.191
11.192
11.194
11.196
11.197
11.199
11.202
11.203
11.205
11.207
11.208
11.21
11.211
11.213
11.216
11.219
11.22
11.221
11.223
11.225
11.226
11.226
11.229
11.232
11.233
11.235
11.237
11.237
11.241
11.242
11.243
11.244
11.245
11.248
11.251
11.252
11.254
11.256
11.258
11.259
11.261
11.262
11.264
11.266
11.266
11.268
11.269
11.271
11.272
11.273
11.276
11.277
11.281
11.282
11.283
11.283
11.285
11.286
11.289
11.29
11.293
11.294
11.295
11.298
11.299
11.302
11.304
11.304
11.305
11.307
11.309
11.311
11.312
11.314
11.316
11.32
11.321
11.321
11.323
11.326
11.328
11.329
11.331
11.333
11.334
11.334
11.338
11.339
11.342
11.344
11.347
11.348
11.349
11.35
11.351
11.354
11.355
11.356
11.357
11.36
11.362
11.364
11.365
11.368
11.37
11.373
11.373
11.374
11.376
11.378
11.378
11.379
11.381
11.382
11.384
11.387
11.389
11.391
11.392
11.393
11.394
11.397
11.398
11.399
11.402
11.404
11.406
11.408
11.409
11.41
11.413
11.414
11.417
11.419
11.42
11.422
11.423
11.425
11.426
11.43
11.431
11.433
11.433
11.434
11.437
11.438
11.441
11.443
11.444
11.445
11.447
11.447
11.448
11.45
11.452
11.454
11.456
11.458
11.459
11.461
11.463
11.464
11.465
11.467
11.47
11.471
11.472
11.474
11.475
11.477
11.48
11.481
11.481
11.483
11.485
11.487
11.491
11.492
11.492
11.495
11.496
11.499
11.5
11.501
11.504
11.505
11.506
11.506
11.509
11.51
11.512
11.513
11.515
11.518
11.519
11.521
11.523
11.524
11.525
11.529
11.531
11.532
11.533
11.533
11.538
11.539
11.542
11.543
11.544
11.546
11.547
11.548
11.549
11.552
11.553
11.555
11.556
11.558
11.559
11.561
11.562
11.565
11.566
11.569
11.572
11.573
11.575
11.577
11.579
11.579
11.581
11.583
11.585
11.586
11.588
11.59
11.591
11.593
11.596
11.599
11.601
11.601
11.603
11.604
11.606
11.608
11.609
11.61
11.612
11.615
11.616
11.617
11.619
11.62
11.623
11.624
11.626
11.627
11.629
11.633
11.635
11.635
11.638
11.639
11.641
11.642
11.644
11.647
11.647
11.649
11.65
11.652
11.653
11.657
11.659
11.659
11.66
11.662
11.665
11.666
11.667
11.669
11.67
11.671
11.673
11.675
11.677
11.679
11.681
11.682
11.684
11.684
11.687
11.689
11.691
11.692
11.694
11.696
11.697
11.7
11.701
11.704
11.704
11.707
11.708
11.708
11.712
11.713
11.715
11.716
11.718
11.72
11.722
11.723
11.726
11.726
11.728
11.729
11.731
11.732
11.735
11.738
11.739
11.742
11.743
11.744
11.745
11.746
11.747
11.75
11.752
11.753
11.755
11.757
11.76
11.76
11.762
11.765
11.766
11.767
11.77
11.771
11.772
11.773
11.775
11.779
11.781
11.781
11.784
11.785
11.788
11.792
11.792
11.795
11.795
11.797
11.799
11.8
11.801
11.802
11.805
11.806
11.808
11.809
11.811
11.812
11.815
11.817
11.818
11.821
11.822
11.823
11.824
11.826
11.831
11.831
11.833
11.835
11.835
11.837
11.838
11.84
11.841
11.842
11.846
11.847
11.85
11.851
11.853
11.855
11.855
11.856
11.857
11.86
11.863
11.864
11.866
11.868
11.869
11.869
11.872
11.874
11.875
11.877
11.88
11.88
11.881
11.884
11.886
11.887
11.889
11.89
11.891
11.893
11.895
11.897
11.898
11.899
11.902
11.903
11.904
11.907
11.91
11.91
11.913
11.913
11.915
11.918
11.921
11.921
11.925
11.926
11.927
11.929
11.93
11.932
11.934
11.935
11.936
11.939
11.94
11.941
11.943
11.945
11.946
11.947
11.948
11.953
11.954
11.956
11.958
11.959
11.96
11.962
11.964
11.966
11.966
11.969
11.971
11.972
11.975
11.977
11.977
11.979
11.981
11.982
11.984
11.985
11.987
11.988
11.99
11.991
11.991
11.995
11.997
11.999
11.999
12.002
12.003
12.007
12.008
12.009
12.012
12.012
12.015
12.019
12.019
12.02
12.022
12.024
12.025
12.027
12.028
12.029
12.031
12.033
12.034
12.036
12.038
12.04
12.042
12.044
12.045
12.046
12.048
12.053
12.054
12.055
12.056
12.058
12.059
12.063
12.064
12.064
12.066
12.066
12.069
12.072
12.074
12.075
12.076
12.08
12.081
12.082
12.082
12.084
12.087
12.089
12.09
12.093
12.095
12.096
12.096
12.098
12.101
12.102
12.105
12.105
12.109
12.111
12.112
12.113
12.114
12.115
12.118
12.119
12.121
12.122
12.124
12.126
12.128
12.13
12.132
12.135
12.135
12.137
12.139
12.14
12.142
12.144
12.146
12.148
12.15
12.151
12.152
12.153
12.155
12.156
12.158
12.16
12.16
12.163
12.166
12.167
12.168
12.17
12.172
12.174
12.174
12.176
12.179
12.18
12.181
12.184
12.185
12.186
12.19
12.192
12.193
12.194
12.196
12.199
12.2
12.201
12.204
12.206
12.207
12.21
12.21
12.213
12.214
12.216
12.218
12.219
12.221
12.225
12.227
12.229
12.231
12.233
12.234
12.236
12.238
12.238
12.24
12.241
12.244
12.246
12.248
12.249
12.25
12.253
12.255
12.256
12.259
12.262
12.263
12.264
12.267
12.268
12.268
12.271
12.272
12.274
12.276
12.277
12.279
12.28
12.283
12.283
12.286
12.288
12.29
12.291
12.293
12.294
12.295
12.298
12.3
12.302
12.304
12.305
12.307
12.308
12.309
12.312
12.313
12.317
12.32
12.321
12.322
12.325
12.327
12.328
12.331
12.332
12.332
12.335
12.337
12.338
12.34
12.341
12.343
12.345
12.345
12.348
12.351
12.352
12.354
12.355
12.356
12.358
12.36
12.361
12.363
12.365
12.366
12.368
12.37
12.373
12.376
12.377
12.378
12.381
12.382
12.383
12.384
12.387
12.388
12.391
12.392
12.393
12.394
12.397
12.399
12.401
12.403
12.404
12.404
12.406
12.407
12.409
12.412
12.415
12.417
12.42
12.42
12.422
12.423
12.425
12.427
12.428
12.429
12.431
12.431
12.434
12.437
12.439
12.44
12.443
12.445
12.446
12.449
12.451
12.453
12.454
12.455
12.457
12.459
12.46
12.461
12.464
12.467
12.468
12.468
12.471
12.474
12.476
12.478
12.479
12.481
12.483
12.485
12.487
12.488
12.49
12.492
12.494
12.496
12.496
12.499
12.5
12.502
12.505
12.507
12.509
12.511
12.511
12.513
12.516
12.518
12.52
12.522
12.523
12.525
12.527
12.529
12.531
12.531
12.533
12.534
12.537
12.538
12.54
12.542
12.545
12.546
12.546
12.548
12.552
12.552
12.553
12.555
12.558
12.559
12.563
12.564
12.565
12.567
12.567
12.569
12.571
12.572
12.575
12.577
12.577
12.581
12.583
12.584
12.586
12.588
12.59
12.59
12.592
12.593
12.595
12.597
12.597
12.6
12.601
12.603
12.606
12.607
12.61
12.612
12.613
12.616
12.617
12.62
12.622
12.622
12.623
12.629
12.629
12.632
12.635
12.636
12.639
12.64
12.642
12.643
12.646
12.647
12.648
12.648
12.651
12.655
12.656
12.658
12.659
12.662
12.663
12.666
12.666
12.667
12.668
12.671
12.672
12.676
12.676
12.677
12.679
12.683
12.686
12.687
12.688
12.691
12.694
12.695
12.695
12.699
12.7
12.701
12.704
12.707
12.708
12.709
12.711
12.715
12.716
12.718
12.719
12.721
12.722
12.723
12.726
12.727
12.73
12.732
12.735
12.737
12.738
12.738
12.741
12.742
12.746
12.746
12.747
12.749
12.751
12.753
12.755
12.757
12.759
12.761
12.762
12.766
12.767
12.768
12.769
12.77
12.772
12.776
12.779
12.781
12.781
12.784
12.787
12.789
12.79
12.793
12.796
12.796
12.799
12.801
12.801
12.804
12.806
12.807
12.809
12.81
12.811
12.815
12.816
12.818
12.819
12.822
12.824
12.825
12.828
12.829
12.832
12.832
12.837
12.838
12.839
12.842
12.843
12.844
12.847
12.848
12.85
12.853
12.854
12.856
12.859
12.86
12.863
12.865
12.865
12.869
12.871
12.872
12.873
12.875
12.879
12.88
12.882
12.883
12.886
12.887
12.889
12.89
12.892
12.894
12.895
12.897
12.898
12.901
12.903
12.906
12.908
12.91
12.911
12.912
12.915
12.916
12.917
12.918
12.92
12.922
12.924
12.925
12.93
12.932
12.933
12.934
12.936
12.938
12.939
12.941
12.942
12.945
12.945
12.947
12.949
12.952
12.953
12.955
12.958
12.962
12.963
12.965
12.965
12.968
12.97
12.972
12.973
12.975
12.977
12.981
12.982
12.984
12.985
12.988
12.989
12.989
12.991
12.994
12.996
12.998
13
13.002
13.005
13.008
13.009
13.01
13.012
13.013
13.016
13.018
13.02
13.022
13.023
13.023
13.026
13.027
13.028
13.032
13.033
13.036
13.037
13.039
13.04
13.042
13.045
13.047
13.048
13.049
13.05
13.054
13.055
13.057
13.06
13.062
13.063
13.067
13.07
13.07
13.072
13.074
13.076
13.078
13.08
13.082
13.085
13.087
13.089
13.091
13.091
13.094
13.097
13.098
13.1
13.102
13.102
13.103
13.105
13.109
13.11
13.111
13.115
13.115
13.117
13.12
13.121
13.122
13.124
13.127
13.13
13.133
13.135
13.136
13.139
13.141
13.142
13.144
13.146
13.15
13.151
13.152
13.156
13.156
13.157
13.16
13.161
13.162
13.164
13.165
13.17
13.171
13.174
13.175
13.179
13.18
13.182
13.185
13.189
13.189
13.193
13.194
13.195
13.196
13.198
13.2
13.206
13.206
13.208
13.21
13.211
13.213
13.214
13.218
13.22
13.221
13.223
13.227
13.227
13.23
13.233
13.235
13.236
13.24
13.24
13.24
13.243
13.245
13.247
13.252
13.253
13.253
13.255
13.256
13.259
13.261
13.263
13.265
13.269
13.271
13.273
13.277
13.277
13.278
13.281
13.282
13.286
13.287
13.288
13.29
13.291
13.293
13.296
13.297
13.299
13.302
13.303
13.304
13.309
13.311
13.314
13.316
13.318
13.319
13.32
13.324
13.325
13.33
13.331
13.334
13.335
13.336
13.337
13.338
13.34
13.341
13.346
13.348
13.35
13.351
13.356
13.357
13.359
13.361
13.362
13.366
13.368
13.37
13.371
13.373
13.375
13.378
13.38
13.382
13.387
13.388
13.388
13.39
13.391
13.391
13.393
13.395
13.397
13.398
13.399
13.403
13.407
13.408
13.411
13.415
13.417
13.419
13.421
13.421
13.422
13.424
13.426
13.429
13.433
13.435
13.437
13.439
13.442
13.442
13.444
13.446
13.448
13.45
13.453
13.455
13.455
13.458
13.46
13.462
13.464
13.466
13.47
13.472
13.476
13.476
13.477
13.48
13.481
13.484
13.485
13.486
13.489
13.49
13.493
13.496
13.498
13.5
13.501
13.503
13.505
13.507
13.51
13.513
13.515
13.518
13.518
13.519
13.525
13.527
13.528
13.529
13.531
13.534
13.534
13.537
13.54
13.543
13.546
13.548
13.551
13.553
13.554
13.556
13.559
13.56
13.563
13.565
13.567
13.569
13.571
13.574
13.577
13.58
13.582
13.582
13.584
13.584
13.587
13.589
13.591
13.593
13.595
13.597
13.6
13.604
13.604
13.607
13.611
13.611
13.613
13.616
13.617
13.62
13.621
13.624
13.626
13.628
13.631
13.632
13.635
13.638
13.64
13.642
13.644
13.645
13.649
13.65
13.653
13.655
13.657
13.659
13.66
13.664
13.665
13.665
13.67
13.673
13.674
13.676
13.678
13.678
13.682
13.684
13.685
13.689
13.692
13.693
13.695
13.698
13.701
13.703
13.704
13.706
13.707
13.71
13.711
13.716
13.718
13.722
13.724
13.725
13.727
13.729
13.732
13.734
13.736
13.738
13.739
13.743
13.744
13.746
13.748
13.753
13.757
13.759
13.759
13.762
13.764
13.767
13.769
13.77
13.773
13.775
13.777
13.78
13.783
13.784
13.787
13.789
13.789
13.792
13.794
13.795
13.798
13.799
13.8
13.804
13.806
13.808
13.811
13.813
13.815
13.818
13.82
13.823
13.824
13.826
13.831
13.833
13.836
13.838
13.839
13.84
13.844
13.845
13.847
13.85
13.851
13.855
13.859
13.861
13.863
13.865
13.867
13.869
13.873
13.873
13.877
13.878
13.879
13.882
13.884
13.886
13.89
13.892
13.896
13.899
13.901
13.901
13.903
13.908
13.908
13.91
13.913
13.917
13.917
13.92
13.923
13.925
13.928
13.931
13.933
13.934
13.937
13.939
13.94
13.943
13.946
13.947
13.95
13.95
13.954
13.956
13.962
13.963
13.964
13.966
13.967
13.97
13.971
13.975
13.978
13.979
13.98
13.983
13.986
13.989
13.989
13.995
13.996
14
14.002
14.003
14.007
14.01
14.011
14.016
14.018
14.019
14.022
14.024
14.027
14.028
14.028
14.03
14.034
14.037
14.039
14.041
14.045
14.046
14.05
14.053
14.055
14.057
14.058
14.059
14.062
14.067
14.069
14.072
14.075
14.077
14.079
14.082
14.083
14.085
14.087
14.091
14.092
14.094
14.097
14.1
14.103
14.105
14.107
14.11
14.111
14.114
14.117
14.12
14.122
14.122
14.128
14.128
14.13
14.133
14.135
14.138
14.141
14.143
14.148
14.15
14.152
14.152
14.156
14.159
14.161
14.163
14.165
14.17
14.173
14.174
14.176
14.178
14.18
14.184
14.185
14.187
14.19
14.191
14.194
14.195
14.198
14.2
14.203
14.206
14.21
14.212
14.214
14.216
14.219
14.221
14.223
14.228
14.233
14.237
14.237
14.239
14.24
14.246
14.247
14.248
14.25
14.253
14.256
14.259
14.261
14.262
14.263
14.265
14.268
14.271
14.275
14.277
14.279
14.282
14.285
14.286
14.287
14.29
14.293
14.295
14.299
14.301
14.306
14.309
14.312
14.314
14.316
14.318
14.319
14.322
14.325
14.328
14.329
14.332
14.336
14.337
14.338
14.342
14.345
14.346
14.35
14.352
14.355
14.356
14.358
14.36
14.362
14.365
14.368
14.371
14.373
14.376
14.379
14.38
14.382
14.383
14.391
14.391
14.392
14.396
14.398
14.403
14.404
14.408
14.41
14.412
14.417
14.419
14.42
14.425
14.427
14.431
14.434
14.437
14.438
14.44
14.441
14.442
14.447
14.45
14.45
14.454
14.456
14.462
14.463
14.464
14.469
14.47
14.473
14.476
14.48
14.481
14.484
14.487
14.49
14.491
14.495
14.496
14.501
14.502
14.506
14.511
14.512
14.513
14.515
14.519
14.522
14.526
14.53
14.533
14.533
14.536
14.539
14.541
14.545
14.546
14.55
14.551
14.555
14.559
14.56
14.562
14.566
14.569
14.57
14.574
14.575
14.578
14.579
14.583
14.584
14.585
14.592
14.594
14.595
14.599
14.603
14.606
14.609
14.611
14.613
14.616
14.621
14.622
14.623
14.625
14.629
14.63
14.633
14.636
14.639
14.644
14.646
14.649
14.65
14.653
14.659
14.662
14.663
14.664
14.665
14.67
14.674
14.676
14.677
14.678
14.683
14.687
14.69
14.693
14.699
14.7
14.7
14.705
14.708
14.708
14.711
14.713
14.716
14.718
14.719
14.721
14.728
14.728
14.732
14.733
14.736
14.742
14.742
14.747
14.749
14.75
14.754
14.757
14.761
14.762
14.764
14.769
14.77
14.773
14.778
14.779
14.783
14.785
14.787
14.789
14.793
14.795
14.8
14.802
14.802
14.805
14.808
14.812
14.813
14.819
14.822
14.825
14.827
14.829
14.831
14.835
14.84
14.841
14.846
14.848
14.85
14.852
14.854
14.856
14.859
14.864
14.866
14.869
14.871
14.874
14.876
14.878
14.882
14.885
14.887
14.891
14.894
14.895
14.902
14.902
14.906
14.908
14.909
14.914
14.917
14.919
14.921
14.922
14.923
14.926
14.93
14.934
14.936
14.94
14.943
14.945
14.948
14.952
14.955
14.957
14.962
14.964
14.966
14.968
14.974
14.976
14.977
14.979
14.981
14.986
14.988
14.993
14.994
14.998
14.999
15.004
15.005
15.009
15.01
15.013
15.017
15.02
15.025
15.026
15.028
15.029
15.036
15.038
15.039
15.042
15.042
15.049
15.05
15.051
15.054
15.056
15.058
15.063
15.065
15.068
15.07
15.074
15.078
15.083
15.083
15.086
15.089
15.091
15.093
15.098
15.101
15.105
15.108
15.109
15.112
15.115
15.12
15.126
15.127
15.129
15.131
15.133
15.138
15.141
15.143
15.144
15.146
15.15
15.153
15.155
15.158
15.16
15.163
15.168
15.169
15.171
15.175
15.181
15.182
15.183
15.187
15.19
15.196
15.198
15.203
15.204
15.207
15.208
15.211
15.216
15.224
15.225
15.226
15.229
15.232
15.236
15.238
15.24
15.242
15.245
15.246
15.249
15.251
15.255
15.257
15.26
15.264
15.268
15.272
15.273
15.278
15.28
15.282
15.286
15.289
15.291
15.295
15.297
15.302
15.305
15.307
15.31
15.313
15.314
15.317
15.318
15.324
15.327
15.328
15.332
15.337
15.342
15.342
15.347
15.349
15.35
15.353
15.357
15.361
15.366
15.366
15.368
15.375
15.376
15.379
15.383
15.385
15.388
15.391
15.395
15.397
15.4
15.403
15.406
15.409
15.412
15.417
15.42
15.424
15.429
15.431
15.433
15.436
15.439
15.443
15.444
15.448
15.449
15.453
15.456
15.461
15.464
15.467
15.471
15.474
15.475
15.478
15.481
15.489
15.491
15.495
15.498
15.499
15.501
15.504
15.508
15.508
15.514
15.518
15.519
15.526
15.528
15.531
15.535
15.54
15.543
15.544
15.549
15.552
15.556
15.557
15.559
15.561
15.568
15.568
15.571
15.572
15.576
15.578
15.58
15.583
15.585
15.589
15.593
15.596
15.6
15.602
15.605
15.61
15.612
15.616
15.617
15.621
15.624
15.629
15.63
15.634
15.636
15.64
15.643
15.644
15.646
15.648
15.653
15.658
15.662
15.666
15.668
15.673
15.674
15.677
15.679
15.682
15.684
15.691
15.692
15.692
15.695
15.698
15.702
15.703
15.705
15.713
15.715
15.718
15.723
15.725
15.727
15.729
15.733
15.736
15.737
15.743
15.75
15.753
15.755
15.757
15.762
15.764
15.767
15.77
15.773
15.776
15.782
15.782
15.785
15.787
15.789
15.793
15.794
15.799
15.8
15.807
15.808
15.812
15.815
15.818
15.82
15.823
15.827
15.829
15.833
15.838
15.84
15.845
15.846
15.849
15.854
15.856
15.862
15.864
15.865
15.868
15.874
15.875
15.877
15.878
15.884
15.886
15.892
15.897
15.899
15.9
15.906
15.908
15.913
15.914
15.916
15.923
15.925
15.93
15.933
15.938
15.94
15.941
15.947
15.948
15.952
15.954
15.956
15.959
15.963
15.967
15.969
15.972
15.973
15.977
15.978
15.984
15.987
15.991
15.993
15.999
16
16.003
16.009
16.014
16.015
16.018
16.02
16.024
16.027
16.032
16.034
16.039
16.041
16.043
16.048
16.051
16.055
16.06
16.06
16.063
16.067
16.069
16.074
16.077
16.08
16.084
16.088
16.093
16.096
16.098
16.098
16.102
16.103
16.108
16.109
16.113
16.116
16.118
16.123
16.125
16.126
16.128
16.137
16.138
16.142
16.146
16.148
16.15
16.155
16.156
16.16
16.164
16.167
16.168
16.171
16.179
16.183
16.184
16.185
16.188
16.192
16.196
16.201
16.203
16.204
16.205
16.211
16.214
16.217
16.222
16.223
16.225
16.227
16.232
16.236
16.239
16.244
16.247
16.25
16.254
16.255
16.259
16.26
16.265
16.271
16.272
16.274
16.277
16.28
16.285
16.287
16.291
16.295
16.3
16.301
16.305
16.307
16.309
16.315
16.319
16.32
16.326
16.328
16.333
16.334
16.337
16.34
16.342
16.349
16.35
16.351
16.355
16.358
16.362
16.364
16.368
16.373
16.375
16.378
16.381
16.384
16.385
16.389
16.393
16.397
16.399
16.402
16.406
16.407
16.409
16.413
16.414
16.422
16.427
16.43
16.431
16.434
16.438
16.443
16.445
16.448
16.453
16.456
16.457
16.462
16.467
16.469
16.474
16.476
16.477
16.479
16.482
16.486
16.488
16.494
16.496
16.496
16.5
16.504
16.509
16.511
16.514
16.515
16.52
16.526
16.527
16.529
16.536
16.539
16.539
16.545
16.547
16.55
16.551
16.557
16.559
16.564
16.566
16.57
16.572
16.576
16.579
16.582
16.583
16.589
16.59
16.596
16.599
16.601
16.603
16.607
16.612
16.612
16.616
16.617
16.62
16.627
16.628
16.629
16.635
16.637
16.638
16.643
16.648
16.649
16.654
16.656
16.658
16.659
16.667
16.669
16.675
16.675
16.681
16.683
16.687
16.689
16.693
16.697
16.699
16.701
16.704
16.708
16.71
16.713
16.716
16.718
16.72
16.722
16.724
16.732
16.734
16.737
16.74
16.744
16.749
16.752
16.753
16.756
16.76
16.763
16.765
16.768
16.773
16.777
16.779
16.781
16.786
16.789
16.795
16.797
16.799
16.804
16.806
16.809
16.811
16.814
16.82
16.824
16.827
16.83
16.833
16.835
16.837
16.84
16.843
16.846
16.849
16.851
16.855
16.863
16.865
16.867
16.869
16.874
16.877
16.88
16.885
16.888
16.892
16.897
16.902
16.904
16.905
16.909
16.909
16.913
16.916
16.92
16.922
16.923
16.927
16.932
16.936
16.941
16.944
16.949
16.95
16.957
16.959
16.961
16.965
16.967
16.97
16.972
16.973
16.978
16.983
16.985
16.989
16.99
16.995
16.997
17
17.004
17.008
17.014
17.018
17.022
17.023
17.025
17.027
17.034
17.036
17.039
17.041
17.043
17.049
17.049
17.053
17.056
17.066
17.068
17.071
17.075
17.081
17.083
17.085
17.088
17.09
17.095
17.099
17.101
17.102
17.106
17.111
17.113
17.116
17.118
17.121
17.125
17.13
17.134
17.137
17.14
17.142
17.145
17.148
17.155
17.157
17.16
17.161
17.165
17.168
17.175
17.176
17.18
17.186
17.188
17.193
17.195
17.199
17.203
17.206
17.21
17.212
17.218
17.22
17.225
17.229
17.23
17.235
17.24
17.244
17.247
17.249
17.253
17.255
17.256
17.258
17.266
17.27
17.273
17.277
17.281
17.284
17.286
17.289
17.293
17.297
17.3
17.304
17.308
17.31
17.32
17.323
17.325
17.327
17.328
17.332
17.335
17.34
17.343
17.352
17.354
17.359
17.362
17.365
17.367
17.375
17.377
17.378
17.381
17.384
17.386
17.389
17.392
17.394
17.398
17.398
17.403
17.406
17.407
17.413
17.414
17.421
17.422
17.429
17.43
17.435
17.437
17.441
17.444
17.447
17.452
17.455
17.457
17.46
17.462
17.466
17.469
17.479
17.481
17.485
17.489
17.494
17.5
17.503
17.504
17.509
17.511
17.512
17.515
17.518
17.521
17.525
17.528
17.532
17.54
17.543
17.546
17.549
17.553
17.558
17.558
17.562
17.565
17.567
17.569
17.574
17.577
17.579
17.584
17.59
17.592
17.598
17.599
17.6
17.605
17.61
17.613
17.617
17.62
17.625
17.627
17.629
17.631
17.635
17.641
17.645
17.648
17.652
17.655
17.662
17.664
17.665
17.668
17.675
17.678
17.682
17.685
17.685
17.69
17.693
17.696
17.703
17.707
17.711
17.712
17.717
17.724
17.728
17.732
17.733
17.736
17.739
17.74
17.744
17.748
17.755
17.758
17.763
17.765
17.768
17.771
17.772
17.773
17.782
17.787
17.791
17.792
17.801
17.802
17.807
17.809
17.814
17.814
17.818
17.821
17.827
17.829
17.83
17.835
17.837
17.842
17.844
17.849
17.85
17.853
17.856
17.857
17.866
17.87
17.873
17.875
17.877
17.882
17.885
17.89
17.895
17.897
17.904
17.904
17.909
17.914
17.916
17.92
17.923
17.926
17.927
17.93
17.937
17.938
17.942
17.947
17.951
17.956
17.96
17.967
17.968
17.972
17.974
17.976
17.977
17.982
17.986
17.994
17.998
18
18.003
18.007
18.008
18.011
18.014
18.02
18.024
18.029
18.031
18.036
18.038
18.039
18.043
18.048
18.055
18.058
18.063
18.068
18.07
18.073
18.076
18.079
18.081
18.092
18.093
18.096
18.103
18.104
18.109
18.111
18.111
18.114
18.115
18.124
18.125
18.132
18.133
18.136
18.14
18.143
18.144
18.148
18.154
18.156
18.159
18.165
18.169
18.174
18.182
18.186
18.19
18.191
18.192
18.199
18.201
18.205
18.21
18.214
18.219
18.221
18.224
18.226
18.229
18.234
18.238
18.242
18.245
18.248
18.249
18.252
18.258
18.261
18.267
18.268
18.27
18.275
18.277
18.279
18.284
18.293
18.295
18.295
18.3
18.302
18.307
18.31
18.311
18.319
18.321
18.324
18.327
18.333
18.336
18.341
18.345
18.35
18.351
18.356
18.358
18.365
18.366
18.372
18.377
18.38
18.382
18.386
18.387
18.392
18.393
18.397
18.403
18.405
18.408
18.411
18.417
18.424
18.427
18.428
18.432
18.435
18.44
18.442
18.45
18.451
18.455
18.456
18.459
18.472
18.473
18.476
18.478
18.484
18.484
18.486
18.492
18.493
18.501
18.502
18.51
18.511
18.513
18.52
18.524
18.526
18.53
18.532
18.535
18.542
18.544
18.548
18.556
18.557
18.56
18.569
18.57
18.576
18.579
18.583
18.584
18.587
18.593
18.597
18.598
18.605
18.61
18.611
18.614
18.616
18.62
18.623
18.625
18.629
18.634
18.636
18.639
18.643
18.646
18.651
18.66
18.67
18.672
18.675
18.676
18.68
18.685
18.688
18.693
18.696
18.696
18.701
18.71
18.713
18.714
18.72
18.722
18.729
18.734
18.735
18.738
18.739
18.744
18.746
18.755
18.76
18.765
18.769
18.774
18.777
18.778
18.781
18.787
18.791
18.797
18.803
18.806
18.807
18.812
18.813
18.82
18.821
18.832
18.834
18.84
18.846
18.848
18.852
18.856
18.862
18.867
18.869
18.872
18.875
18.882
18.885
18.891
18.894
18.896
18.903
18.906
18.908
18.909
18.916
18.918
18.927
18.932
18.935
18.938
18.943
18.945
18.947
18.951
18.952
18.954
18.96
18.963
18.971
18.972
18.975
18.979
18.983
18.987
18.994
18.995
19.003
19.007
19.009
19.015
19.018
19.022
19.026
19.028
19.034
19.036
19.041
19.047
19.051
19.055
19.061
19.064
19.066
19.067
19.075
19.081
19.082
19.088
19.093
19.094
19.097
19.105
19.107
19.111
19.113
19.122
19.125
19.13
19.132
19.137
19.14
19.143
19.148
19.152
19.162
19.165
19.166
19.178
19.182
19.184
19.188
19.193
19.196
19.199
19.201
19.208
19.212
19.218
19.222
19.224
19.226
19.23
19.237
19.241
19.242
19.25
19.254
19.26
19.263
19.265
19.27
19.274
19.278
19.279
19.285
19.286
19.291
19.295
19.299
19.302
19.305
19.307
19.317
19.32
19.322
19.328
19.329
19.341
19.347
19.353
19.356
19.358
19.364
19.368
19.369
19.373
19.376
19.384
19.387
19.391
19.394
19.399
19.403
19.409
19.412
19.417
19.42
19.424
19.427
19.43
19.434
19.439
19.444
19.451
19.455
19.457
19.46
19.464
19.473
19.477
19.48
19.487
19.488
19.49
19.492
19.498
19.501
19.504
19.51
19.514
19.517
19.522
19.523
19.529
19.531
19.534
19.542
19.547
19.55
19.557
19.562
19.566
19.571
19.575
19.579
19.583
19.586
19.59
19.596
19.6
19.605
19.608
19.611
19.616
19.621
19.622
19.623
19.634
19.636
19.64
19.647
19.652
19.655
19.662
19.664
19.668
19.671
19.672
19.676
19.681
19.687
19.691
19.696
19.698
19.704
19.711
19.713
19.716
19.719
19.721
19.729
19.731
19.738
19.742
19.743
19.746
19.75
19.754
19.763
19.766
19.769
19.783
19.784
19.788
19.793
19.795
19.799
19.803
19.811
19.812
19.818
19.821
19.825
19.829
19.834
19.836
19.842
19.848
19.852
19.854
19.862
19.863
19.864
19.875
19.877
19.882
19.889
19.896
19.899
19.901
19.903
19.907
19.908
19.914
19.921
19.926
19.93
19.931
19.937
19.94
19.946
19.951
19.953
19.964
19.97
19.972
19.978
19.986
19.989
19.992
19.996
20.001
20.003
20.007
20.012
20.013
20.017
20.022
20.031
20.034
20.037
20.039
20.045
20.049
20.054
20.056
20.062
20.065
20.069
20.075
20.081
20.084
20.087
20.09
20.094
20.099
20.102
20.107
20.109
20.11
20.118
20.129
20.131
20.134
20.137
20.142
20.146
20.148
20.154
20.157
20.159
20.166
20.169
20.173
20.176
20.181
20.187
20.188
20.196
20.205
20.21
20.214
20.218
20.222
20.224
20.227
20.235
20.241
20.243
20.248
20.251
20.258
20.265
20.266
20.271
20.277
20.28
20.289
20.297
20.3
20.301
20.306
20.309
20.313
20.322
20.324
20.325
20.331
20.335
20.337
20.344
20.347
20.35
20.357
20.361
20.365
20.37
20.377
20.38
20.383
20.39
20.394
20.396
20.399
20.403
20.408
20.414
20.421
20.424
20.426
20.434
20.439
20.441
20.441
20.452
20.458
20.465
20.471
20.474
20.477
20.479
20.485
20.49
20.497
20.5
20.508
20.512
20.516
20.521
20.521
20.523
20.529
20.534
20.542
20.544
20.546
20.555
20.561
20.564
20.571
20.576
20.583
20.585
20.592
20.596
20.6
20.609
20.616
20.62
20.621
20.628
20.632
20.64
20.643
20.652
20.653
20.658
20.661
20.662
20.669
20.672
20.681
20.682
20.684
20.694
20.697
20.705
20.706
20.716
20.724
20.726
20.729
20.729
20.736
20.74
20.743
20.754
20.763
20.768
20.773
20.774
20.779
20.784
20.787
20.79
20.797
20.798
20.807
20.812
20.818
20.82
20.825
20.829
20.832
20.835
20.838
20.847
20.853
20.858
20.861
20.865
20.87
20.872
20.878
20.883
20.89
20.901
20.903
20.908
20.911
20.915
20.924
20.928
20.936
20.939
20.942
20.952
20.955
20.957
20.959
20.967
20.97
20.98
20.983
20.986
20.991
20.998
20.999
21.005
21.011
21.017
21.023
21.027
21.037
21.041
21.048
21.055
21.06
21.061
21.067
21.07
21.077
21.08
21.083
21.084
21.097
21.1
21.102
21.106
21.114
21.116
21.12
21.122
21.131
21.136
21.138
21.144
21.148
21.16
21.162
21.173
21.181
21.182
21.187
21.189
21.202
21.205
21.209
21.216
21.221
21.224
21.229
21.232
21.24
21.245
21.251
21.254
21.259
21.262
21.27
21.279
21.281
21.284
21.294
21.299
21.304
21.307
21.31
21.312
21.319
21.32
21.33
21.333
21.339
21.345
21.348
21.357
21.362
21.365
21.366
21.373
21.375
21.381
21.387
21.393
21.403
21.405
21.413
21.419
21.421
21.427
21.434
21.44
21.441
21.447
21.453
21.462
21.467
21.469
21.474
21.482
21.484
21.489
21.491
21.498
21.505
21.515
21.52
21.524
21.531
21.535
21.54
21.543
21.547
21.552
21.558
21.567
21.571
21.573
21.581
21.583
21.593
21.596
21.605
21.611
21.616
21.624
21.628
21.632
21.634
21.64
21.641
21.657
21.659
21.664
21.673
21.678
21.681
21.683
21.69
21.698
21.703
21.706
21.712
21.721
21.721
21.729
21.733
21.74
21.747
21.752
21.757
21.762
21.768
21.769
21.781
21.785
21.791
21.795
21.799
21.807
21.814
21.821
21.829
21.834
21.84
21.842
21.847
21.853
21.859
21.865
21.865
21.878
21.886
21.89
21.894
21.899
21.91
21.915
21.92
21.924
21.929
21.933
21.939
21.946
21.947
21.953
21.961
21.969
21.97
21.98
21.986
21.997
22.003
22.011
22.016
22.029
22.03
22.035
22.042
22.048
22.052
22.058
22.067
22.068
22.075
22.079
22.085
22.089
22.096
22.105
22.115
22.119
22.127
22.132
22.14
22.141
22.149
22.153
22.161
22.167
22.179
22.187
22.195
22.2
22.205
22.208
22.213
22.219
22.224
22.234
22.238
22.248
22.251
22.253
22.263
22.266
22.269
22.283
22.288
22.292
22.298
22.31
22.313
22.314
22.324
22.329
22.332
22.341
22.343
22.349
22.357
22.37
22.374
22.384
22.389
22.393
22.404
22.405
22.412
22.416
22.43
22.438
22.44
22.443
22.452
22.46
22.47
22.475
22.483
22.485
22.491
22.502
22.514
22.517
22.521
22.53
22.538
22.545
22.549
22.551
22.562
22.575
22.581
22.588
22.596
22.602
22.607
22.617
22.631
22.635
22.639
22.641
22.647
22.654
22.661
22.67
22.674
22.677
22.698
22.702
22.707
22.71
22.717
22.728
22.735
22.737
22.743
22.753
22.761
22.769
22.778
22.781
22.789
22.8
22.809
22.818
22.824
22.828
22.835
22.84
22.847
22.859
22.865
22.87
22.882
22.89
22.895
22.898
22.904
22.911
22.911
22.915
22.935
22.937
22.95
22.956
22.966
22.97
22.981
22.984
22.995
23.004
23.013
23.022
23.028
23.035
23.05
23.06
23.065
23.076
23.082
23.087
23.09
23.104
23.108
23.111
23.121
23.129
23.15
23.159
23.173
23.177
23.186
23.196
23.203
23.207
23.216
23.221
23.231
23.236
23.256
23.257
23.275
23.281
23.287
23.294
23.3
23.311
23.316
23.328
23.346
23.347
23.348
23.372
23.386
23.39
23.406
23.418
23.423
23.433
23.459
23.466
23.478
23.49
23.513
23.534
23.536
23.556
23.571
23.598
23.609
23.621
23.633
23.642
23.653
23.659
23.663
23.684
23.708
23.725
23.752
23.768
23.819
23.819
