2048 4 12.452 12.452 12.452
1 2 0 0 0
2 2 0.77825 0.77825 0
3 1 0.77825 0 0.77825
4 1 0 0.77825 0.77825
5 2 0 0 1.5565
6 2 0.77825 0.77825 1.5565
7 2 0.77825 0 2.3347
8 1 0 0.77825 2.3347
9 2 0 0 3.113
10 2 0.77825 0.77825 3.113
11 1 0.77825 0 3.8912
12 1 0 0.77825 3.8912
13 1 0 0 4.6695
14 2 0.77825 0.77825 4.6695
15 1 0.77825 0 5.4477
16 2 0 0.77825 5.4477
17 2 0 0 6.226
18 1 0.77825 0.77825 6.226
19 1 0.77825 0 7.0042
20 2 0 0.77825 7.0042
21 1 0 0 7.7825
22 2 0.77825 0.77825 7.7825
23 1 0.77825 0 8.5607
24 1 0 0.77825 8.5607
25 2 0 0 9.339
26 2 0.77825 0.77825 9.339
27 2 0.77825 0 10.117
28 1 0 0.77825 10.117
29 2 0 0 10.895
30 2 0.77825 0.77825 10.895
31 2 0.77825 0 11.674
32 1 0 0.77825 11.674
33 1 0 1.5565 0
34 1 0.77825 2.3347 0
35 2 0.77825 1.5565 0.77825
36 1 0 2.3347 0.77825
37 1 0 1.5565 1.5565
38 2 0.77825 2.3347 1.5565
39 2 0.77825 1.5565 2.3347
40 2 0 2.3347 2.3347
41 2 0 1.5565 3.113
42 2 0.77825 2.3347 3.113
43 2 0.77825 1.5565 3.8912
44 2 0 2.3347 3.8912
45 2 0 1.5565 4.6695
46 2 0.77825 2.3347 4.6695
47 2 0.77825 1.5565 5.4477
48 2 0 2.3347 5.4477
49 1 0 1.5565 6.226
50 2 0.77825 2.3347 6.226
51 1 0.77825 1.5565 7.0042
52 2 0 2.3347 7.0042
53 2 0 1.5565 7.7825
54 1 0.77825 2.3347 7.7825
55 2 0.77825 1.5565 8.5607
56 1 0 2.3347 8.5607
57 2 0 1.5565 9.339
58 2 0.77825 2.3347 9.339
59 2 0.77825 1.5565 10.117
60 1 0 2.3347 10.117
61 2 0 1.5565 10.895
62 2 0.77825 2.3347 10.895
63 2 0.77825 1.5565 11.674
64 1 0 2.3347 11.674
65 2 0 3.113 0
66 1 0.77825 3.8912 0
67 2 0.77825 3.113 0.77825
68 2 0 3.8912 0.77825
69 1 0 3.113 1.5565
70 1 0.77825 3.8912 1.5565
71 2 0.77825 3.113 2.3347
72 2 0 3.8912 2.3347
73 1 0 3.113 3.113
74 2 0.77825 3.8912 3.113
75 2 0.77825 3.113 3.8912
76 2 0 3.8912 3.8912
77 1 0 3.113 4.6695
78 1 0.77825 3.8912 4.6695
79 2 0.77825 3.113 5.4477
80 1 0 3.8912 5.4477
81 1 0 3.113 6.226
82 2 0.77825 3.8912 6.226
83 2 0.77825 3.113 7.0042
84 1 0 3.8912 7.0042
85 1 0 3.113 7.7825
86 1 0.77825 3.8912 7.7825
87 2 0.77825 3.113 8.5607
88 1 0 3.8912 8.5607
89 2 0 3.113 9.339
90 2 0.77825 3.8912 9.339
91 2 0.77825 3.113 10.117
92 1 0 3.8912 10.117
93 1 0 3.113 10.895
94 1 0.77825 3.8912 10.895
95 1 0.77825 3.113 11.674
96 2 0 3.8912 11.674
97 1 0 4.6695 0
98 1 0.77825 5.4477 0
99 1 0.77825 4.6695 0.77825
100 2 0 5.4477 0.77825
101 2 0 4.6695 1.5565
102 1 0.77825 5.4477 1.5565
103 1 0.77825 4.6695 2.3347
104 1 0 5.4477 2.3347
105 2 0 4.6695 3.113
106 1 0.77825 5.4477 3.113
107 2 0.77825 4.6695 3.8912
108 1 0 5.4477 3.8912
109 1 0 4.6695 4.6695
110 1 0.77825 5.4477 4.6695
111 2 0.77825 4.6695 5.4477
112 1 0 5.4477 5.4477
113 2 0 4.6695 6.226
114 1 0.77825 5.4477 6.226
115 2 0.77825 4.6695 7.0042
116 2 0 5.4477 7.0042
117 1 0 4.6695 7.7825
118 1 0.77825 5.4477 7.7825
119 2 0.77825 4.6695 8.5607
120 2 0 5.4477 8.5607
121 2 0 4.6695 9.339
122 1 0.77825 5.4477 9.339
123 2 0.77825 4.6695 10.117
124 1 0 5.4477 10.117
125 2 0 4.6695 10.895
126 1 0.77825 5.4477 10.895
127 1 0.77825 4.6695 11.674
128 2 0 5.4477 11.674
129 2 0 6.226 0
130 1 0.77825 7.0042 0
131 1 0.77825 6.226 0.77825
132 2 0 7.0042 0.77825
133 1 0 6.226 1.5565
134 2 0.77825 7.0042 1.5565
135 2 0.77825 6.226 2.3347
136 2 0 7.0042 2.3347
137 2 0 6.226 3.113
138 2 0.77825 7.0042 3.113
139 1 0.77825 6.226 3.8912
140 2 0 7.0042 3.8912
141 1 0 6.226 4.6695
142 1 0.77825 7.0042 4.6695
143 2 0.77825 6.226 5.4477
144 2 0 7.0042 5.4477
145 1 0 6.226 6.226
146 2 0.77825 7.0042 6.226
147 2 0.77825 6.226 7.0042
148 1 0 7.0042 7.0042
149 2 0 6.226 7.7825
150 1 0.77825 7.0042 7.7825
151 1 0.77825 6.226 8.5607
152 2 0 7.0042 8.5607
153 2 0 6.226 9.339
154 1 0.77825 7.0042 9.339
155 1 0.77825 6.226 10.117
156 1 0 7.0042 10.117
157 1 0 6.226 10.895
158 1 0.77825 7.0042 10.895
159 1 0.77825 6.226 11.674
160 2 0 7.0042 11.674
161 2 0 7.7825 0
162 2 0.77825 8.5607 0
163 2 0.77825 7.7825 0.77825
164 1 0 8.5607 0.77825
165 2 0 7.7825 1.5565
166 1 0.77825 8.5607 1.5565
167 2 0.77825 7.7825 2.3347
168 2 0 8.5607 2.3347
169 1 0 7.7825 3.113
170 1 0.77825 8.5607 3.113
171 2 0.77825 7.7825 3.8912
172 1 0 8.5607 3.8912
173 1 0 7.7825 4.6695
174 2 0.77825 8.5607 4.6695
175 1 0.77825 7.7825 5.4477
176 1 0 8.5607 5.4477
177 1 0 7.7825 6.226
178 1 0.77825 8.5607 6.226
179 1 0.77825 7.7825 7.0042
180 2 0 8.5607 7.0042
181 1 0 7.7825 7.7825
182 1 0.77825 8.5607 7.7825
183 2 0.77825 7.7825 8.5607
184 1 0 8.5607 8.5607
185 1 0 7.7825 9.339
186 1 0.77825 8.5607 9.339
187 1 0.77825 7.7825 10.117
188 1 0 8.5607 10.117
189 1 0 7.7825 10.895
190 2 0.77825 8.5607 10.895
191 2 0.77825 7.7825 11.674
192 2 0 8.5607 11.674
193 1 0 9.339 0
194 1 0.77825 10.117 0
195 2 0.77825 9.339 0.77825
196 2 0 10.117 0.77825
197 1 0 9.339 1.5565
198 1 0.77825 10.117 1.5565
199 1 0.77825 9.339 2.3347
200 2 0 10.117 2.3347
201 2 0 9.339 3.113
202 2 0.77825 10.117 3.113
203 2 0.77825 9.339 3.8912
204 1 0 10.117 3.8912
205 1 0 9.339 4.6695
206 1 0.77825 10.117 4.6695
207 1 0.77825 9.339 5.4477
208 2 0 10.117 5.4477
209 2 0 9.339 6.226
210 2 0.77825 10.117 6.226
211 1 0.77825 9.339 7.0042
212 2 0 10.117 7.0042
213 1 0 9.339 7.7825
214 2 0.77825 10.117 7.7825
215 2 0.77825 9.339 8.5607
216 1 0 10.117 8.5607
217 1 0 9.339 9.339
218 2 0.77825 10.117 9.339
219 2 0.77825 9.339 10.117
220 1 0 10.117 10.117
221 2 0 9.339 10.895
222 2 0.77825 10.117 10.895
223 1 0.77825 9.339 11.674
224 2 0 10.117 11.674
225 1 0 10.895 0
226 1 0.77825 11.674 0
227 1 0.77825 10.895 0.77825
228 1 0 11.674 0.77825
229 1 0 10.895 1.5565
230 2 0.77825 11.674 1.5565
231 1 0.77825 10.895 2.3347
232 2 0 11.674 2.3347
233 2 0 10.895 3.113
234 1 0.77825 11.674 3.113
235 1 0.77825 10.895 3.8912
236 1 0 11.674 3.8912
237 1 0 10.895 4.6695
238 2 0.77825 11.674 4.6695
239 2 0.77825 10.895 5.4477
240 2 0 11.674 5.4477
241 2 0 10.895 6.226
242 1 0.77825 11.674 6.226
243 2 0.77825 10.895 7.0042
244 2 0 11.674 7.0042
245 2 0 10.895 7.7825
246 1 0.77825 11.674 7.7825
247 1 0.77825 10.895 8.5607
248 1 0 11.674 8.5607
249 1 0 10.895 9.339
250 1 0.77825 11.674 9.339
251 2 0.77825 10.895 10.117
252 1 0 11.674 10.117
253 2 0 10.895 10.895
254 1 0.77825 11.674 10.895
255 1 0.77825 10.895 11.674
256 2 0 11.674 11.674
257 1 1.5565 0 0
258 2 2.3347 0.77825 0
259 2 2.3347 0 0.77825
260 1 1.5565 0.77825 0.77825
261 1 1.5565 0 1.5565
262 2 2.3347 0.77825 1.5565
263 1 2.3347 0 2.3347
264 2 1.5565 0.77825 2.3347
265 2 1.5565 0 3.113
266 2 2.3347 0.77825 3.113
267 1 2.3347 0 3.8912
268 2 1.5565 0.77825 3.8912
269 2 1.5565 0 4.6695
270 2 2.3347 0.77825 4.6695
271 2 2.3347 0 5.4477
272 2 1.5565 0.77825 5.4477
273 1 1.5565 0 6.226
274 2 2.3347 0.77825 6.226
275 1 2.3347 0 7.0042
276 2 1.5565 0.77825 7.0042
277 2 1.5565 0 7.7825
278 2 2.3347 0.77825 7.7825
279 2 2.3347 0 8.5607
280 2 1.5565 0.77825 8.5607
281 1 1.5565 0 9.339
282 2 2.3347 0.77825 9.339
283 2 2.3347 0 10.117
284 2 1.5565 0.77825 10.117
285 2 1.5565 0 10.895
286 2 2.3347 0.77825 10.895
287 1 2.3347 0 11.674
288 2 1.5565 0.77825 11.674
289 2 1.5565 1.5565 0
290 1 2.3347 2.3347 0
291 2 2.3347 1.5565 0.77825
292 2 1.5565 2.3347 0.77825
293 2 1.5565 1.5565 1.5565
294 2 2.3347 2.3347 1.5565
295 1 2.3347 1.5565 2.3347
296 1 1.5565 2.3347 2.3347
297 2 1.5565 1.5565 3.113
298 2 2.3347 2.3347 3.113
299 1 2.3347 1.5565 3.8912
300 1 1.5565 2.3347 3.8912
301 2 1.5565 1.5565 4.6695
302 1 2.3347 2.3347 4.6695
303 1 2.3347 1.5565 5.4477
304 1 1.5565 2.3347 5.4477
305 1 1.5565 1.5565 6.226
306 2 2.3347 2.3347 6.226
307 2 2.3347 1.5565 7.0042
308 2 1.5565 2.3347 7.0042
309 1 1.5565 1.5565 7.7825
310 1 2.3347 2.3347 7.7825
311 1 2.3347 1.5565 8.5607
312 2 1.5565 2.3347 8.5607
313 2 1.5565 1.5565 9.339
314 1 2.3347 2.3347 9.339
315 2 2.3347 1.5565 10.117
316 1 1.5565 2.3347 10.117
317 2 1.5565 1.5565 10.895
318 2 2.3347 2.3347 10.895
319 2 2.3347 1.5565 11.674
320 1 1.5565 2.3347 11.674
321 1 1.5565 3.113 0
322 2 2.3347 3.8912 0
323 1 2.3347 3.113 0.77825
324 1 1.5565 3.8912 0.77825
325 2 1.5565 3.113 1.5565
326 1 2.3347 3.8912 1.5565
327 2 2.3347 3.113 2.3347
328 2 1.5565 3.8912 2.3347
329 1 1.5565 3.113 3.113
330 1 2.3347 3.8912 3.113
331 2 2.3347 3.113 3.8912
332 2 1.5565 3.8912 3.8912
333 1 1.5565 3.113 4.6695
334 1 2.3347 3.8912 4.6695
335 2 2.3347 3.113 5.4477
336 2 1.5565 3.8912 5.4477
337 2 1.5565 3.113 6.226
338 2 2.3347 3.8912 6.226
339 2 2.3347 3.113 7.0042
340 1 1.5565 3.8912 7.0042
341 1 1.5565 3.113 7.7825
342 2 2.3347 3.8912 7.7825
343 2 2.3347 3.113 8.5607
344 1 1.5565 3.8912 8.5607
345 2 1.5565 3.113 9.339
346 1 2.3347 3.8912 9.339
347 1 2.3347 3.113 10.117
348 1 1.5565 3.8912 10.117
349 1 1.5565 3.113 10.895
350 2 2.3347 3.8912 10.895
351 2 2.3347 3.113 11.674
352 1 1.5565 3.8912 11.674
353 2 1.5565 4.6695 0
354 1 2.3347 5.4477 0
355 2 2.3347 4.6695 0.77825
356 2 1.5565 5.4477 0.77825
357 1 1.5565 4.6695 1.5565
358 2 2.3347 5.4477 1.5565
359 1 2.3347 4.6695 2.3347
360 1 1.5565 5.4477 2.3347
361 1 1.5565 4.6695 3.113
362 1 2.3347 5.4477 3.113
363 2 2.3347 4.6695 3.8912
364 1 1.5565 5.4477 3.8912
365 1 1.5565 4.6695 4.6695
366 1 2.3347 5.4477 4.6695
367 2 2.3347 4.6695 5.4477
368 1 1.5565 5.4477 5.4477
369 2 1.5565 4.6695 6.226
370 2 2.3347 5.4477 6.226
371 1 2.3347 4.6695 7.0042
372 1 1.5565 5.4477 7.0042
373 2 1.5565 4.6695 7.7825
374 2 2.3347 5.4477 7.7825
375 2 2.3347 4.6695 8.5607
376 1 1.5565 5.4477 8.5607
377 2 1.5565 4.6695 9.339
378 1 2.3347 5.4477 9.339
379 1 2.3347 4.6695 10.117
380 2 1.5565 5.4477 10.117
381 2 1.5565 4.6695 10.895
382 1 2.3347 5.4477 10.895
383 2 2.3347 4.6695 11.674
384 2 1.5565 5.4477 11.674
385 2 1.5565 6.226 0
386 1 2.3347 7.0042 0
387 1 2.3347 6.226 0.77825
388 2 1.5565 7.0042 0.77825
389 2 1.5565 6.226 1.5565
390 2 2.3347 7.0042 1.5565
391 1 2.3347 6.226 2.3347
392 1 1.5565 7.0042 2.3347
393 1 1.5565 6.226 3.113
394 1 2.3347 7.0042 3.113
395 2 2.3347 6.226 3.8912
396 1 1.5565 7.0042 3.8912
397 2 1.5565 6.226 4.6695
398 1 2.3347 7.0042 4.6695
399 1 2.3347 6.226 5.4477
400 2 1.5565 7.0042 5.4477
401 2 1.5565 6.226 6.226
402 1 2.3347 7.0042 6.226
403 1 2.3347 6.226 7.0042
404 1 1.5565 7.0042 7.0042
405 1 1.5565 6.226 7.7825
406 2 2.3347 7.0042 7.7825
407 2 2.3347 6.226 8.5607
408 1 1.5565 7.0042 8.5607
409 1 1.5565 6.226 9.339
410 2 2.3347 7.0042 9.339
411 1 2.3347 6.226 10.117
412 2 1.5565 7.0042 10.117
413 1 1.5565 6.226 10.895
414 2 2.3347 7.0042 10.895
415 2 2.3347 6.226 11.674
416 2 1.5565 7.0042 11.674
417 2 1.5565 7.7825 0
418 1 2.3347 8.5607 0
419 2 2.3347 7.7825 0.77825
420 2 1.5565 8.5607 0.77825
421 1 1.5565 7.7825 1.5565
422 2 2.3347 8.5607 1.5565
423 1 2.3347 7.7825 2.3347
424 2 1.5565 8.5607 2.3347
425 2 1.5565 7.7825 3.113
426 2 2.3347 8.5607 3.113
427 1 2.3347 7.7825 3.8912
428 1 1.5565 8.5607 3.8912
429 1 1.5565 7.7825 4.6695
430 2 2.3347 8.5607 4.6695
431 2 2.3347 7.7825 5.4477
432 1 1.5565 8.5607 5.4477
433 1 1.5565 7.7825 6.226
434 1 2.3347 8.5607 6.226
435 2 2.3347 7.7825 7.0042
436 2 1.5565 8.5607 7.0042
437 2 1.5565 7.7825 7.7825
438 1 2.3347 8.5607 7.7825
439 2 2.3347 7.7825 8.5607
440 2 1.5565 8.5607 8.5607
441 2 1.5565 7.7825 9.339
442 2 2.3347 8.5607 9.339
443 1 2.3347 7.7825 10.117
444 1 1.5565 8.5607 10.117
445 1 1.5565 7.7825 10.895
446 2 2.3347 8.5607 10.895
447 2 2.3347 7.7825 11.674
448 1 1.5565 8.5607 11.674
449 1 1.5565 9.339 0
450 2 2.3347 10.117 0
451 2 2.3347 9.339 0.77825
452 1 1.5565 10.117 0.77825
453 2 1.5565 9.339 1.5565
454 2 2.3347 10.117 1.5565
455 2 2.3347 9.339 2.3347
456 2 1.5565 10.117 2.3347
457 1 1.5565 9.339 3.113
458 1 2.3347 10.117 3.113
459 1 2.3347 9.339 3.8912
460 1 1.5565 10.117 3.8912
461 1 1.5565 9.339 4.6695
462 2 2.3347 10.117 4.6695
463 1 2.3347 9.339 5.4477
464 2 1.5565 10.117 5.4477
465 2 1.5565 9.339 6.226
466 1 2.3347 10.117 6.226
467 1 2.3347 9.339 7.0042
468 2 1.5565 10.117 7.0042
469 1 1.5565 9.339 7.7825
470 1 2.3347 10.117 7.7825
471 1 2.3347 9.339 8.5607
472 1 1.5565 10.117 8.5607
473 1 1.5565 9.339 9.339
474 1 2.3347 10.117 9.339
475 2 2.3347 9.339 10.117
476 2 1.5565 10.117 10.117
477 2 1.5565 9.339 10.895
478 1 2.3347 10.117 10.895
479 1 2.3347 9.339 11.674
480 2 1.5565 10.117 11.674
481 1 1.5565 10.895 0
482 1 2.3347 11.674 0
483 2 2.3347 10.895 0.77825
484 1 1.5565 11.674 0.77825
485 2 1.5565 10.895 1.5565
486 1 2.3347 11.674 1.5565
487 1 2.3347 10.895 2.3347
488 1 1.5565 11.674 2.3347
489 1 1.5565 10.895 3.113
490 1 2.3347 11.674 3.113
491 1 2.3347 10.895 3.8912
492 1 1.5565 11.674 3.8912
493 2 1.5565 10.895 4.6695
494 2 2.3347 11.674 4.6695
495 2 2.3347 10.895 5.4477
496 2 1.5565 11.674 5.4477
497 2 1.5565 10.895 6.226
498 1 2.3347 11.674 6.226
499 1 2.3347 10.895 7.0042
500 1 1.5565 11.674 7.0042
501 1 1.5565 10.895 7.7825
502 2 2.3347 11.674 7.7825
503 1 2.3347 10.895 8.5607
504 1 1.5565 11.674 8.5607
505 2 1.5565 10.895 9.339
506 1 2.3347 11.674 9.339
507 2 2.3347 10.895 10.117
508 2 1.5565 11.674 10.117
509 2 1.5565 10.895 10.895
510 1 2.3347 11.674 10.895
511 1 2.3347 10.895 11.674
512 2 1.5565 11.674 11.674
513 1 3.113 0 0
514 2 3.8912 0.77825 0
515 1 3.8912 0 0.77825
516 1 3.113 0.77825 0.77825
517 1 3.113 0 1.5565
518 1 3.8912 0.77825 1.5565
519 1 3.8912 0 2.3347
520 1 3.113 0.77825 2.3347
521 2 3.113 0 3.113
522 1 3.8912 0.77825 3.113
523 2 3.8912 0 3.8912
524 2 3.113 0.77825 3.8912
525 1 3.113 0 4.6695
526 1 3.8912 0.77825 4.6695
527 1 3.8912 0 5.4477
528 2 3.113 0.77825 5.4477
529 1 3.113 0 6.226
530 2 3.8912 0.77825 6.226
531 1 3.8912 0 7.0042
532 2 3.113 0.77825 7.0042
533 2 3.113 0 7.7825
534 1 3.8912 0.77825 7.7825
535 2 3.8912 0 8.5607
536 1 3.113 0.77825 8.5607
537 2 3.113 0 9.339
538 1 3.8912 0.77825 9.339
539 2 3.8912 0 10.117
540 2 3.113 0.77825 10.117
541 1 3.113 0 10.895
542 2 3.8912 0.77825 10.895
543 2 3.8912 0 11.674
544 2 3.113 0.77825 11.674
545 2 3.113 1.5565 0
546 2 3.8912 2.3347 0
547 1 3.8912 1.5565 0.77825
548 1 3.113 2.3347 0.77825
549 2 3.113 1.5565 1.5565
550 2 3.8912 2.3347 1.5565
551 1 3.8912 1.5565 2.3347
552 2 3.113 2.3347 2.3347
553 2 3.113 1.5565 3.113
554 1 3.8912 2.3347 3.113
555 1 3.8912 1.5565 3.8912
556 1 3.113 2.3347 3.8912
557 1 3.113 1.5565 4.6695
558 2 3.8912 2.3347 4.6695
559 1 3.8912 1.5565 5.4477
560 1 3.113 2.3347 5.4477
561 2 3.113 1.5565 6.226
562 2 3.8912 2.3347 6.226
563 2 3.8912 1.5565 7.0042
564 1 3.113 2.3347 7.0042
565 1 3.113 1.5565 7.7825
566 1 3.8912 2.3347 7.7825
567 1 3.8912 1.5565 8.5607
568 1 3.113 2.3347 8.5607
569 2 3.113 1.5565 9.339
570 1 3.8912 2.3347 9.339
571 2 3.8912 1.5565 10.117
572 1 3.113 2.3347 10.117
573 1 3.113 1.5565 10.895
574 1 3.8912 2.3347 10.895
575 2 3.8912 1.5565 11.674
576 2 3.113 2.3347 11.674
577 2 3.113 3.113 0
578 1 3.8912 3.8912 0
579 2 3.8912 3.113 0.77825
580 1 3.113 3.8912 0.77825
581 1 3.113 3.113 1.5565
582 2 3.8912 3.8912 1.5565
583 2 3.8912 3.113 2.3347
584 2 3.113 3.8912 2.3347
585 2 3.113 3.113 3.113
586 1 3.8912 3.8912 3.113
587 2 3.8912 3.113 3.8912
588 1 3.113 3.8912 3.8912
589 1 3.113 3.113 4.6695
590 2 3.8912 3.8912 4.6695
591 1 3.8912 3.113 5.4477
592 2 3.113 3.8912 5.4477
593 1 3.113 3.113 6.226
594 1 3.8912 3.8912 6.226
595 1 3.8912 3.113 7.0042
596 1 3.113 3.8912 7.0042
597 2 3.113 3.113 7.7825
598 2 3.8912 3.8912 7.7825
599 1 3.8912 3.113 8.5607
600 1 3.113 3.8912 8.5607
601 2 3.113 3.113 9.339
602 2 3.8912 3.8912 9.339
603 1 3.8912 3.113 10.117
604 1 3.113 3.8912 10.117
605 2 3.113 3.113 10.895
606 2 3.8912 3.8912 10.895
607 1 3.8912 3.113 11.674
608 2 3.113 3.8912 11.674
609 2 3.113 4.6695 0
610 1 3.8912 5.4477 0
611 1 3.8912 4.6695 0.77825
612 1 3.113 5.4477 0.77825
613 2 3.113 4.6695 1.5565
614 1 3.8912 5.4477 1.5565
615 1 3.8912 4.6695 2.3347
616 1 3.113 5.4477 2.3347
617 2 3.113 4.6695 3.113
618 1 3.8912 5.4477 3.113
619 2 3.8912 4.6695 3.8912
620 1 3.113 5.4477 3.8912
621 1 3.113 4.6695 4.6695
622 2 3.8912 5.4477 4.6695
623 1 3.8912 4.6695 5.4477
624 2 3.113 5.4477 5.4477
625 2 3.113 4.6695 6.226
626 2 3.8912 5.4477 6.226
627 1 3.8912 4.6695 7.0042
628 2 3.113 5.4477 7.0042
629 2 3.113 4.6695 7.7825
630 1 3.8912 5.4477 7.7825
631 2 3.8912 4.6695 8.5607
632 2 3.113 5.4477 8.5607
633 2 3.113 4.6695 9.339
634 2 3.8912 5.4477 9.339
635 2 3.8912 4.6695 10.117
636 2 3.113 5.4477 10.117
637 1 3.113 4.6695 10.895
638 2 3.8912 5.4477 10.895
639 2 3.8912 4.6695 11.674
640 1 3.113 5.4477 11.674
641 1 3.113 6.226 0
642 2 3.8912 7.0042 0
643 1 3.8912 6.226 0.77825
644 2 3.113 7.0042 0.77825
645 2 3.113 6.226 1.5565
646 2 3.8912 7.0042 1.5565
647 1 3.8912 6.226 2.3347
648 2 3.113 7.0042 2.3347
649 1 3.113 6.226 3.113
650 2 3.8912 7.0042 3.113
651 2 3.8912 6.226 3.8912
652 1 3.113 7.0042 3.8912
653 2 3.113 6.226 4.6695
654 2 3.8912 7.0042 4.6695
655 2 3.8912 6.226 5.4477
656 2 3.113 7.0042 5.4477
657 1 3.113 6.226 6.226
658 1 3.8912 7.0042 6.226
659 1 3.8912 6.226 7.0042
660 2 3.113 7.0042 7.0042
661 1 3.113 6.226 7.7825
662 1 3.8912 7.0042 7.7825
663 1 3.8912 6.226 8.5607
664 1 3.113 7.0042 8.5607
665 2 3.113 6.226 9.339
666 1 3.8912 7.0042 9.339
667 2 3.8912 6.226 10.117
668 1 3.113 7.0042 10.117
669 1 3.113 6.226 10.895
670 1 3.8912 7.0042 10.895
671 1 3.8912 6.226 11.674
672 2 3.113 7.0042 11.674
673 1 3.113 7.7825 0
674 1 3.8912 8.5607 0
675 2 3.8912 7.7825 0.77825
676 1 3.113 8.5607 0.77825
677 2 3.113 7.7825 1.5565
678 2 3.8912 8.5607 1.5565
679 1 3.8912 7.7825 2.3347
680 2 3.113 8.5607 2.3347
681 2 3.113 7.7825 3.113
682 2 3.8912 8.5607 3.113
683 2 3.8912 7.7825 3.8912
684 2 3.113 8.5607 3.8912
685 2 3.113 7.7825 4.6695
686 1 3.8912 8.5607 4.6695
687 1 3.8912 7.7825 5.4477
688 2 3.113 8.5607 5.4477
689 1 3.113 7.7825 6.226
690 1 3.8912 8.5607 6.226
691 2 3.8912 7.7825 7.0042
692 2 3.113 8.5607 7.0042
693 2 3.113 7.7825 7.7825
694 1 3.8912 8.5607 7.7825
695 2 3.8912 7.7825 8.5607
696 1 3.113 8.5607 8.5607
697 1 3.113 7.7825 9.339
698 2 3.8912 8.5607 9.339
699 2 3.8912 7.7825 10.117
700 2 3.113 8.5607 10.117
701 2 3.113 7.7825 10.895
702 2 3.8912 8.5607 10.895
703 1 3.8912 7.7825 11.674
704 2 3.113 8.5607 11.674
705 1 3.113 9.339 0
706 1 3.8912 10.117 0
707 2 3.8912 9.339 0.77825
708 1 3.113 10.117 0.77825
709 1 3.113 9.339 1.5565
710 2 3.8912 10.117 1.5565
711 1 3.8912 9.339 2.3347
712 2 3.113 10.117 2.3347
713 1 3.113 9.339 3.113
714 2 3.8912 10.117 3.113
715 2 3.8912 9.339 3.8912
716 1 3.113 10.117 3.8912
717 2 3.113 9.339 4.6695
718 2 3.8912 10.117 4.6695
719 2 3.8912 9.339 5.4477
720 1 3.113 10.117 5.4477
721 1 3.113 9.339 6.226
722 1 3.8912 10.117 6.226
723 1 3.8912 9.339 7.0042
724 2 3.113 10.117 7.0042
725 1 3.113 9.339 7.7825
726 1 3.8912 10.117 7.7825
727 2 3.8912 9.339 8.5607
728 2 3.113 10.117 8.5607
729 2 3.113 9.339 9.339
730 2 3.8912 10.117 9.339
731 2 3.8912 9.339 10.117
732 1 3.113 10.117 10.117
733 1 3.113 9.339 10.895
734 1 3.8912 10.117 10.895
735 2 3.8912 9.339 11.674
736 1 3.113 10.117 11.674
737 2 3.113 10.895 0
738 1 3.8912 11.674 0
739 1 3.8912 10.895 0.77825
740 1 3.113 11.674 0.77825
741 2 3.113 10.895 1.5565
742 2 3.8912 11.674 1.5565
743 2 3.8912 10.895 2.3347
744 2 3.113 11.674 2.3347
745 2 3.113 10.895 3.113
746 2 3.8912 11.674 3.113
747 2 3.8912 10.895 3.8912
748 2 3.113 11.674 3.8912
749 1 3.113 10.895 4.6695
750 1 3.8912 11.674 4.6695
751 2 3.8912 10.895 5.4477
752 1 3.113 11.674 5.4477
753 1 3.113 10.895 6.226
754 2 3.8912 11.674 6.226
755 2 3.8912 10.895 7.0042
756 1 3.113 11.674 7.0042
757 1 3.113 10.895 7.7825
758 2 3.8912 11.674 7.7825
759 2 3.8912 10.895 8.5607
760 1 3.113 11.674 8.5607
761 2 3.113 10.895 9.339
762 1 3.8912 11.674 9.339
763 2 3.8912 10.895 10.117
764 1 3.113 11.674 10.117
765 1 3.113 10.895 10.895
766 2 3.8912 11.674 10.895
767 1 3.8912 10.895 11.674
768 1 3.113 11.674 11.674
769 1 4.6695 0 0
770 1 5.4477 0.77825 0
771 1 5.4477 0 0.77825
772 1 4.6695 0.77825 0.77825
773 1 4.6695 0 1.5565
774 1 5.4477 0.77825 1.5565
775 1 5.4477 0 2.3347
776 2 4.6695 0.77825 2.3347
777 2 4.6695 0 3.113
778 1 5.4477 0.77825 3.113
779 2 5.4477 0 3.8912
780 1 4.6695 0.77825 3.8912
781 1 4.6695 0 4.6695
782 1 5.4477 0.77825 4.6695
783 2 5.4477 0 5.4477
784 2 4.6695 0.77825 5.4477
785 2 4.6695 0 6.226
786 2 5.4477 0.77825 6.226
787 1 5.4477 0 7.0042
788 2 4.6695 0.77825 7.0042
789 1 4.6695 0 7.7825
790 2 5.4477 0.77825 7.7825
791 2 5.4477 0 8.5607
792 2 4.6695 0.77825 8.5607
793 2 4.6695 0 9.339
794 2 5.4477 0.77825 9.339
795 2 5.4477 0 10.117
796 1 4.6695 0.77825 10.117
797 2 4.6695 0 10.895
798 1 5.4477 0.77825 10.895
799 2 5.4477 0 11.674
800 2 4.6695 0.77825 11.674
801 1 4.6695 1.5565 0
802 2 5.4477 2.3347 0
803 2 5.4477 1.5565 0.77825
804 2 4.6695 2.3347 0.77825
805 1 4.6695 1.5565 1.5565
806 2 5.4477 2.3347 1.5565
807 2 5.4477 1.5565 2.3347
808 1 4.6695 2.3347 2.3347
809 1 4.6695 1.5565 3.113
810 2 5.4477 2.3347 3.113
811 2 5.4477 1.5565 3.8912
812 2 4.6695 2.3347 3.8912
813 1 4.6695 1.5565 4.6695
814 1 5.4477 2.3347 4.6695
815 2 5.4477 1.5565 5.4477
816 2 4.6695 2.3347 5.4477
817 1 4.6695 1.5565 6.226
818 2 5.4477 2.3347 6.226
819 1 5.4477 1.5565 7.0042
820 2 4.6695 2.3347 7.0042
821 1 4.6695 1.5565 7.7825
822 2 5.4477 2.3347 7.7825
823 2 5.4477 1.5565 8.5607
824 1 4.6695 2.3347 8.5607
825 2 4.6695 1.5565 9.339
826 1 5.4477 2.3347 9.339
827 1 5.4477 1.5565 10.117
828 2 4.6695 2.3347 10.117
829 1 4.6695 1.5565 10.895
830 1 5.4477 2.3347 10.895
831 2 5.4477 1.5565 11.674
832 1 4.6695 2.3347 11.674
833 2 4.6695 3.113 0
834 1 5.4477 3.8912 0
835 2 5.4477 3.113 0.77825
836 1 4.6695 3.8912 0.77825
837 1 4.6695 3.113 1.5565
838 2 5.4477 3.8912 1.5565
839 2 5.4477 3.113 2.3347
840 2 4.6695 3.8912 2.3347
841 2 4.6695 3.113 3.113
842 1 5.4477 3.8912 3.113
843 1 5.4477 3.113 3.8912
844 2 4.6695 3.8912 3.8912
845 2 4.6695 3.113 4.6695
846 2 5.4477 3.8912 4.6695
847 1 5.4477 3.113 5.4477
848 2 4.6695 3.8912 5.4477
849 2 4.6695 3.113 6.226
850 1 5.4477 3.8912 6.226
851 1 5.4477 3.113 7.0042
852 2 4.6695 3.8912 7.0042
853 1 4.6695 3.113 7.7825
854 2 5.4477 3.8912 7.7825
855 2 5.4477 3.113 8.5607
856 2 4.6695 3.8912 8.5607
857 2 4.6695 3.113 9.339
858 2 5.4477 3.8912 9.339
859 2 5.4477 3.113 10.117
860 2 4.6695 3.8912 10.117
861 2 4.6695 3.113 10.895
862 1 5.4477 3.8912 10.895
863 1 5.4477 3.113 11.674
864 2 4.6695 3.8912 11.674
865 1 4.6695 4.6695 0
866 1 5.4477 5.4477 0
867 2 5.4477 4.6695 0.77825
868 2 4.6695 5.4477 0.77825
869 1 4.6695 4.6695 1.5565
870 1 5.4477 5.4477 1.5565
871 1 5.4477 4.6695 2.3347
872 1 4.6695 5.4477 2.3347
873 2 4.6695 4.6695 3.113
874 1 5.4477 5.4477 3.113
875 1 5.4477 4.6695 3.8912
876 1 4.6695 5.4477 3.8912
877 2 4.6695 4.6695 4.6695
878 1 5.4477 5.4477 4.6695
879 1 5.4477 4.6695 5.4477
880 2 4.6695 5.4477 5.4477
881 2 4.6695 4.6695 6.226
882 2 5.4477 5.4477 6.226
883 1 5.4477 4.6695 7.0042
884 2 4.6695 5.4477 7.0042
885 2 4.6695 4.6695 7.7825
886 1 5.4477 5.4477 7.7825
887 1 5.4477 4.6695 8.5607
888 2 4.6695 5.4477 8.5607
889 2 4.6695 4.6695 9.339
890 2 5.4477 5.4477 9.339
891 2 5.4477 4.6695 10.117
892 1 4.6695 5.4477 10.117
893 1 4.6695 4.6695 10.895
894 2 5.4477 5.4477 10.895
895 1 5.4477 4.6695 11.674
896 2 4.6695 5.4477 11.674
897 2 4.6695 6.226 0
898 2 5.4477 7.0042 0
899 2 5.4477 6.226 0.77825
900 1 4.6695 7.0042 0.77825
901 1 4.6695 6.226 1.5565
902 1 5.4477 7.0042 1.5565
903 1 5.4477 6.226 2.3347
904 1 4.6695 7.0042 2.3347
905 2 4.6695 6.226 3.113
906 2 5.4477 7.0042 3.113
907 2 5.4477 6.226 3.8912
908 2 4.6695 7.0042 3.8912
909 1 4.6695 6.226 4.6695
910 2 5.4477 7.0042 4.6695
911 2 5.4477 6.226 5.4477
912 1 4.6695 7.0042 5.4477
913 1 4.6695 6.226 6.226
914 1 5.4477 7.0042 6.226
915 1 5.4477 6.226 7.0042
916 1 4.6695 7.0042 7.0042
917 1 4.6695 6.226 7.7825
918 2 5.4477 7.0042 7.7825
919 1 5.4477 6.226 8.5607
920 2 4.6695 7.0042 8.5607
921 1 4.6695 6.226 9.339
922 2 5.4477 7.0042 9.339
923 1 5.4477 6.226 10.117
924 2 4.6695 7.0042 10.117
925 1 4.6695 6.226 10.895
926 1 5.4477 7.0042 10.895
927 2 5.4477 6.226 11.674
928 2 4.6695 7.0042 11.674
929 1 4.6695 7.7825 0
930 1 5.4477 8.5607 0
931 1 5.4477 7.7825 0.77825
932 2 4.6695 8.5607 0.77825
933 2 4.6695 7.7825 1.5565
934 2 5.4477 8.5607 1.5565
935 2 5.4477 7.7825 2.3347
936 1 4.6695 8.5607 2.3347
937 1 4.6695 7.7825 3.113
938 2 5.4477 8.5607 3.113
939 1 5.4477 7.7825 3.8912
940 2 4.6695 8.5607 3.8912
941 2 4.6695 7.7825 4.6695
942 1 5.4477 8.5607 4.6695
943 2 5.4477 7.7825 5.4477
944 1 4.6695 8.5607 5.4477
945 2 4.6695 7.7825 6.226
946 2 5.4477 8.5607 6.226
947 1 5.4477 7.7825 7.0042
948 2 4.6695 8.5607 7.0042
949 1 4.6695 7.7825 7.7825
950 2 5.4477 8.5607 7.7825
951 2 5.4477 7.7825 8.5607
952 1 4.6695 8.5607 8.5607
953 1 4.6695 7.7825 9.339
954 1 5.4477 8.5607 9.339
955 1 5.4477 7.7825 10.117
956 1 4.6695 8.5607 10.117
957 2 4.6695 7.7825 10.895
958 2 5.4477 8.5607 10.895
959 2 5.4477 7.7825 11.674
960 1 4.6695 8.5607 11.674
961 1 4.6695 9.339 0
962 1 5.4477 10.117 0
963 1 5.4477 9.339 0.77825
964 2 4.6695 10.117 0.77825
965 2 4.6695 9.339 1.5565
966 2 5.4477 10.117 1.5565
967 1 5.4477 9.339 2.3347
968 2 4.6695 10.117 2.3347
969 1 4.6695 9.339 3.113
970 1 5.4477 10.117 3.113
971 2 5.4477 9.339 3.8912
972 2 4.6695 10.117 3.8912
973 2 4.6695 9.339 4.6695
974 1 5.4477 10.117 4.6695
975 1 5.4477 9.339 5.4477
976 1 4.6695 10.117 5.4477
977 2 4.6695 9.339 6.226
978 1 5.4477 10.117 6.226
979 2 5.4477 9.339 7.0042
980 2 4.6695 10.117 7.0042
981 1 4.6695 9.339 7.7825
982 1 5.4477 10.117 7.7825
983 2 5.4477 9.339 8.5607
984 2 4.6695 10.117 8.5607
985 2 4.6695 9.339 9.339
986 1 5.4477 10.117 9.339
987 2 5.4477 9.339 10.117
988 2 4.6695 10.117 10.117
989 1 4.6695 9.339 10.895
990 1 5.4477 10.117 10.895
991 1 5.4477 9.339 11.674
992 1 4.6695 10.117 11.674
993 2 4.6695 10.895 0
994 2 5.4477 11.674 0
995 2 5.4477 10.895 0.77825
996 2 4.6695 11.674 0.77825
997 2 4.6695 10.895 1.5565
998 1 5.4477 11.674 1.5565
999 1 5.4477 10.895 2.3347
1000 2 4.6695 11.674 2.3347
1001 1 4.6695 10.895 3.113
1002 2 5.4477 11.674 3.113
1003 1 5.4477 10.895 3.8912
1004 2 4.6695 11.674 3.8912
1005 1 4.6695 10.895 4.6695
1006 2 5.4477 11.674 4.6695
1007 1 5.4477 10.895 5.4477
1008 2 4.6695 11.674 5.4477
1009 2 4.6695 10.895 6.226
1010 2 5.4477 11.674 6.226
1011 1 5.4477 10.895 7.0042
1012 1 4.6695 11.674 7.0042
1013 2 4.6695 10.895 7.7825
1014 2 5.4477 11.674 7.7825
1015 1 5.4477 10.895 8.5607
1016 2 4.6695 11.674 8.5607
1017 1 4.6695 10.895 9.339
1018 2 5.4477 11.674 9.339
1019 2 5.4477 10.895 10.117
1020 1 4.6695 11.674 10.117
1021 2 4.6695 10.895 10.895
1022 2 5.4477 11.674 10.895
1023 1 5.4477 10.895 11.674
1024 1 4.6695 11.674 11.674
1025 1 6.226 0 0
1026 2 7.0042 0.77825 0
1027 2 7.0042 0 0.77825
1028 2 6.226 0.77825 0.77825
1029 2 6.226 0 1.5565
1030 1 7.0042 0.77825 1.5565
1031 2 7.0042 0 2.3347
1032 1 6.226 0.77825 2.3347
1033 1 6.226 0 3.113
1034 2 7.0042 0.77825 3.113
1035 1 7.0042 0 3.8912
1036 2 6.226 0.77825 3.8912
1037 2 6.226 0 4.6695
1038 1 7.0042 0.77825 4.6695
1039 2 7.0042 0 5.4477
1040 2 6.226 0.77825 5.4477
1041 1 6.226 0 6.226
1042 2 7.0042 0.77825 6.226
1043 1 7.0042 0 7.0042
1044 2 6.226 0.77825 7.0042
1045 1 6.226 0 7.7825
1046 2 7.0042 0.77825 7.7825
1047 2 7.0042 0 8.5607
1048 2 6.226 0.77825 8.5607
1049 1 6.226 0 9.339
1050 2 7.0042 0.77825 9.339
1051 1 7.0042 0 10.117
1052 2 6.226 0.77825 10.117
1053 1 6.226 0 10.895
1054 1 7.0042 0.77825 10.895
1055 1 7.0042 0 11.674
1056 1 6.226 0.77825 11.674
1057 2 6.226 1.5565 0
1058 1 7.0042 2.3347 0
1059 2 7.0042 1.5565 0.77825
1060 1 6.226 2.3347 0.77825
1061 1 6.226 1.5565 1.5565
1062 1 7.0042 2.3347 1.5565
1063 1 7.0042 1.5565 2.3347
1064 2 6.226 2.3347 2.3347
1065 1 6.226 1.5565 3.113
1066 2 7.0042 2.3347 3.113
1067 1 7.0042 1.5565 3.8912
1068 1 6.226 2.3347 3.8912
1069 1 6.226 1.5565 4.6695
1070 2 7.0042 2.3347 4.6695
1071 2 7.0042 1.5565 5.4477
1072 2 6.226 2.3347 5.4477
1073 2 6.226 1.5565 6.226
1074 2 7.0042 2.3347 6.226
1075 1 7.0042 1.5565 7.0042
1076 2 6.226 2.3347 7.0042
1077 2 6.226 1.5565 7.7825
1078 2 7.0042 2.3347 7.7825
1079 1 7.0042 1.5565 8.5607
1080 1 6.226 2.3347 8.5607
1081 2 6.226 1.5565 9.339
1082 1 7.0042 2.3347 9.339
1083 2 7.0042 1.5565 10.117
1084 2 6.226 2.3347 10.117
1085 2 6.226 1.5565 10.895
1086 2 7.0042 2.3347 10.895
1087 1 7.0042 1.5565 11.674
1088 2 6.226 2.3347 11.674
1089 1 6.226 3.113 0
1090 1 7.0042 3.8912 0
1091 2 7.0042 3.113 0.77825
1092 1 6.226 3.8912 0.77825
1093 2 6.226 3.113 1.5565
1094 2 7.0042 3.8912 1.5565
1095 1 7.0042 3.113 2.3347
1096 1 6.226 3.8912 2.3347
1097 1 6.226 3.113 3.113
1098 1 7.0042 3.8912 3.113
1099 2 7.0042 3.113 3.8912
1100 2 6.226 3.8912 3.8912
1101 1 6.226 3.113 4.6695
1102 2 7.0042 3.8912 4.6695
1103 1 7.0042 3.113 5.4477
1104 2 6.226 3.8912 5.4477
1105 1 6.226 3.113 6.226
1106 1 7.0042 3.8912 6.226
1107 2 7.0042 3.113 7.0042
1108 2 6.226 3.8912 7.0042
1109 2 6.226 3.113 7.7825
1110 1 7.0042 3.8912 7.7825
1111 1 7.0042 3.113 8.5607
1112 2 6.226 3.8912 8.5607
1113 2 6.226 3.113 9.339
1114 1 7.0042 3.8912 9.339
1115 2 7.0042 3.113 10.117
1116 2 6.226 3.8912 10.117
1117 2 6.226 3.113 10.895
1118 2 7.0042 3.8912 10.895
1119 1 7.0042 3.113 11.674
1120 2 6.226 3.8912 11.674
1121 1 6.226 4.6695 0
1122 1 7.0042 5.4477 0
1123 2 7.0042 4.6695 0.77825
1124 1 6.226 5.4477 0.77825
1125 2 6.226 4.6695 1.5565
1126 1 7.0042 5.4477 1.5565
1127 1 7.0042 4.6695 2.3347
1128 2 6.226 5.4477 2.3347
1129 1 6.226 4.6695 3.113
1130 2 7.0042 5.4477 3.113
1131 2 7.0042 4.6695 3.8912
1132 2 6.226 5.4477 3.8912
1133 2 6.226 4.6695 4.6695
1134 1 7.0042 5.4477 4.6695
1135 2 7.0042 4.6695 5.4477
1136 2 6.226 5.4477 5.4477
1137 2 6.226 4.6695 6.226
1138 2 7.0042 5.4477 6.226
1139 2 7.0042 4.6695 7.0042
1140 2 6.226 5.4477 7.0042
1141 1 6.226 4.6695 7.7825
1142 1 7.0042 5.4477 7.7825
1143 2 7.0042 4.6695 8.5607
1144 2 6.226 5.4477 8.5607
1145 2 6.226 4.6695 9.339
1146 2 7.0042 5.4477 9.339
1147 1 7.0042 4.6695 10.117
1148 2 6.226 5.4477 10.117
1149 1 6.226 4.6695 10.895
1150 2 7.0042 5.4477 10.895
1151 2 7.0042 4.6695 11.674
1152 2 6.226 5.4477 11.674
1153 2 6.226 6.226 0
1154 1 7.0042 7.0042 0
1155 1 7.0042 6.226 0.77825
1156 1 6.226 7.0042 0.77825
1157 2 6.226 6.226 1.5565
1158 2 7.0042 7.0042 1.5565
1159 2 7.0042 6.226 2.3347
1160 1 6.226 7.0042 2.3347
1161 1 6.226 6.226 3.113
1162 1 7.0042 7.0042 3.113
1163 1 7.0042 6.226 3.8912
1164 2 6.226 7.0042 3.8912
1165 2 6.226 6.226 4.6695
1166 2 7.0042 7.0042 4.6695
1167 2 7.0042 6.226 5.4477
1168 1 6.226 7.0042 5.4477
1169 1 6.226 6.226 6.226
1170 1 7.0042 7.0042 6.226
1171 2 7.0042 6.226 7.0042
1172 1 6.226 7.0042 7.0042
1173 1 6.226 6.226 7.7825
1174 1 7.0042 7.0042 7.7825
1175 1 7.0042 6.226 8.5607
1176 1 6.226 7.0042 8.5607
1177 1 6.226 6.226 9.339
1178 2 7.0042 7.0042 9.339
1179 2 7.0042 6.226 10.117
1180 2 6.226 7.0042 10.117
1181 1 6.226 6.226 10.895
1182 2 7.0042 7.0042 10.895
1183 1 7.0042 6.226 11.674
1184 1 6.226 7.0042 11.674
1185 2 6.226 7.7825 0
1186 1 7.0042 8.5607 0
1187 1 7.0042 7.7825 0.77825
1188 1 6.226 8.5607 0.77825
1189 2 6.226 7.7825 1.5565
1190 1 7.0042 8.5607 1.5565
1191 1 7.0042 7.7825 2.3347
1192 1 6.226 8.5607 2.3347
1193 1 6.226 7.7825 3.113
1194 2 7.0042 8.5607 3.113
1195 2 7.0042 7.7825 3.8912
1196 1 6.226 8.5607 3.8912
1197 1 6.226 7.7825 4.6695
1198 1 7.0042 8.5607 4.6695
1199 2 7.0042 7.7825 5.4477
1200 1 6.226 8.5607 5.4477
1201 1 6.226 7.7825 6.226
1202 1 7.0042 8.5607 6.226
1203 1 7.0042 7.7825 7.0042
1204 1 6.226 8.5607 7.0042
1205 1 6.226 7.7825 7.7825
1206 1 7.0042 8.5607 7.7825
1207 2 7.0042 7.7825 8.5607
1208 1 6.226 8.5607 8.5607
1209 2 6.226 7.7825 9.339
1210 1 7.0042 8.5607 9.339
1211 2 7.0042 7.7825 10.117
1212 1 6.226 8.5607 10.117
1213 1 6.226 7.7825 10.895
1214 2 7.0042 8.5607 10.895
1215 1 7.0042 7.7825 11.674
1216 2 6.226 8.5607 11.674
1217 1 6.226 9.339 0
1218 2 7.0042 10.117 0
1219 2 7.0042 9.339 0.77825
1220 1 6.226 10.117 0.77825
1221 1 6.226 9.339 1.5565
1222 2 7.0042 10.117 1.5565
1223 1 7.0042 9.339 2.3347
1224 2 6.226 10.117 2.3347
1225 2 6.226 9.339 3.113
1226 1 7.0042 10.117 3.113
1227 2 7.0042 9.339 3.8912
1228 1 6.226 10.117 3.8912
1229 1 6.226 9.339 4.6695
1230 2 7.0042 10.117 4.6695
1231 2 7.0042 9.339 5.4477
1232 1 6.226 10.117 5.4477
1233 1 6.226 9.339 6.226
1234 1 7.0042 10.117 6.226
1235 1 7.0042 9.339 7.0042
1236 2 6.226 10.117 7.0042
1237 2 6.226 9.339 7.7825
1238 2 7.0042 10.117 7.7825
1239 2 7.0042 9.339 8.5607
1240 1 6.226 10.117 8.5607
1241 1 6.226 9.339 9.339
1242 2 7.0042 10.117 9.339
1243 1 7.0042 9.339 10.117
1244 1 6.226 10.117 10.117
1245 1 6.226 9.339 10.895
1246 1 7.0042 10.117 10.895
1247 1 7.0042 9.339 11.674
1248 1 6.226 10.117 11.674
1249 2 6.226 10.895 0
1250 1 7.0042 11.674 0
1251 2 7.0042 10.895 0.77825
1252 2 6.226 11.674 0.77825
1253 2 6.226 10.895 1.5565
1254 2 7.0042 11.674 1.5565
1255 1 7.0042 10.895 2.3347
1256 2 6.226 11.674 2.3347
1257 1 6.226 10.895 3.113
1258 2 7.0042 11.674 3.113
1259 2 7.0042 10.895 3.8912
1260 2 6.226 11.674 3.8912
1261 2 6.226 10.895 4.6695
1262 1 7.0042 11.674 4.6695
1263 1 7.0042 10.895 5.4477
1264 1 6.226 11.674 5.4477
1265 2 6.226 10.895 6.226
1266 2 7.0042 11.674 6.226
1267 1 7.0042 10.895 7.0042
1268 1 6.226 11.674 7.0042
1269 1 6.226 10.895 7.7825
1270 2 7.0042 11.674 7.7825
1271 1 7.0042 10.895 8.5607
1272 2 6.226 11.674 8.5607
1273 1 6.226 10.895 9.339
1274 2 7.0042 11.674 9.339
1275 1 7.0042 10.895 10.117
1276 2 6.226 11.674 10.117
1277 1 6.226 10.895 10.895
1278 2 7.0042 11.674 10.895
1279 1 7.0042 10.895 11.674
1280 2 6.226 11.674 11.674
1281 1 7.7825 0 0
1282 2 8.5607 0.77825 0
1283 1 8.5607 0 0.77825
1284 2 7.7825 0.77825 0.77825
1285 2 7.7825 0 1.5565
1286 1 8.5607 0.77825 1.5565
1287 1 8.5607 0 2.3347
1288 1 7.7825 0.77825 2.3347
1289 2 7.7825 0 3.113
1290 2 8.5607 0.77825 3.113
1291 2 8.5607 0 3.8912
1292 1 7.7825 0.77825 3.8912
1293 2 7.7825 0 4.6695
1294 1 8.5607 0.77825 4.6695
1295 2 8.5607 0 5.4477
1296 1 7.7825 0.77825 5.4477
1297 1 7.7825 0 6.226
1298 1 8.5607 0.77825 6.226
1299 2 8.5607 0 7.0042
1300 1 7.7825 0.77825 7.0042
1301 1 7.7825 0 7.7825
1302 2 8.5607 0.77825 7.7825
1303 2 8.5607 0 8.5607
1304 2 7.7825 0.77825 8.5607
1305 1 7.7825 0 9.339
1306 1 8.5607 0.77825 9.339
1307 2 8.5607 0 10.117
1308 1 7.7825 0.77825 10.117
1309 1 7.7825 0 10.895
1310 2 8.5607 0.77825 10.895
1311 2 8.5607 0 11.674
1312 2 7.7825 0.77825 11.674
1313 1 7.7825 1.5565 0
1314 1 8.5607 2.3347 0
1315 1 8.5607 1.5565 0.77825
1316 1 7.7825 2.3347 0.77825
1317 1 7.7825 1.5565 1.5565
1318 1 8.5607 2.3347 1.5565
1319 2 8.5607 1.5565 2.3347
1320 2 7.7825 2.3347 2.3347
1321 1 7.7825 1.5565 3.113
1322 2 8.5607 2.3347 3.113
1323 1 8.5607 1.5565 3.8912
1324 1 7.7825 2.3347 3.8912
1325 1 7.7825 1.5565 4.6695
1326 2 8.5607 2.3347 4.6695
1327 1 8.5607 1.5565 5.4477
1328 1 7.7825 2.3347 5.4477
1329 1 7.7825 1.5565 6.226
1330 1 8.5607 2.3347 6.226
1331 1 8.5607 1.5565 7.0042
1332 2 7.7825 2.3347 7.0042
1333 1 7.7825 1.5565 7.7825
1334 1 8.5607 2.3347 7.7825
1335 1 8.5607 1.5565 8.5607
1336 2 7.7825 2.3347 8.5607
1337 2 7.7825 1.5565 9.339
1338 2 8.5607 2.3347 9.339
1339 2 8.5607 1.5565 10.117
1340 1 7.7825 2.3347 10.117
1341 1 7.7825 1.5565 10.895
1342 1 8.5607 2.3347 10.895
1343 1 8.5607 1.5565 11.674
1344 2 7.7825 2.3347 11.674
1345 2 7.7825 3.113 0
1346 2 8.5607 3.8912 0
1347 2 8.5607 3.113 0.77825
1348 1 7.7825 3.8912 0.77825
1349 2 7.7825 3.113 1.5565
1350 2 8.5607 3.8912 1.5565
1351 2 8.5607 3.113 2.3347
1352 2 7.7825 3.8912 2.3347
1353 2 7.7825 3.113 3.113
1354 2 8.5607 3.8912 3.113
1355 1 8.5607 3.113 3.8912
1356 1 7.7825 3.8912 3.8912
1357 2 7.7825 3.113 4.6695
1358 1 8.5607 3.8912 4.6695
1359 2 8.5607 3.113 5.4477
1360 2 7.7825 3.8912 5.4477
1361 2 7.7825 3.113 6.226
1362 1 8.5607 3.8912 6.226
1363 2 8.5607 3.113 7.0042
1364 2 7.7825 3.8912 7.0042
1365 2 7.7825 3.113 7.7825
1366 1 8.5607 3.8912 7.7825
1367 1 8.5607 3.113 8.5607
1368 2 7.7825 3.8912 8.5607
1369 2 7.7825 3.113 9.339
1370 1 8.5607 3.8912 9.339
1371 1 8.5607 3.113 10.117
1372 1 7.7825 3.8912 10.117
1373 1 7.7825 3.113 10.895
1374 1 8.5607 3.8912 10.895
1375 2 8.5607 3.113 11.674
1376 1 7.7825 3.8912 11.674
1377 1 7.7825 4.6695 0
1378 1 8.5607 5.4477 0
1379 1 8.5607 4.6695 0.77825
1380 2 7.7825 5.4477 0.77825
1381 1 7.7825 4.6695 1.5565
1382 1 8.5607 5.4477 1.5565
1383 1 8.5607 4.6695 2.3347
1384 1 7.7825 5.4477 2.3347
1385 2 7.7825 4.6695 3.113
1386 1 8.5607 5.4477 3.113
1387 1 8.5607 4.6695 3.8912
1388 2 7.7825 5.4477 3.8912
1389 2 7.7825 4.6695 4.6695
1390 1 8.5607 5.4477 4.6695
1391 2 8.5607 4.6695 5.4477
1392 2 7.7825 5.4477 5.4477
1393 1 7.7825 4.6695 6.226
1394 1 8.5607 5.4477 6.226
1395 1 8.5607 4.6695 7.0042
1396 2 7.7825 5.4477 7.0042
1397 2 7.7825 4.6695 7.7825
1398 2 8.5607 5.4477 7.7825
1399 1 8.5607 4.6695 8.5607
1400 2 7.7825 5.4477 8.5607
1401 1 7.7825 4.6695 9.339
1402 2 8.5607 5.4477 9.339
1403 2 8.5607 4.6695 10.117
1404 1 7.7825 5.4477 10.117
1405 2 7.7825 4.6695 10.895
1406 2 8.5607 5.4477 10.895
1407 2 8.5607 4.6695 11.674
1408 2 7.7825 5.4477 11.674
1409 1 7.7825 6.226 0
1410 1 8.5607 7.0042 0
1411 2 8.5607 6.226 0.77825
1412 2 7.7825 7.0042 0.77825
1413 1 7.7825 6.226 1.5565
1414 2 8.5607 7.0042 1.5565
1415 2 8.5607 6.226 2.3347
1416 2 7.7825 7.0042 2.3347
1417 2 7.7825 6.226 3.113
1418 2 8.5607 7.0042 3.113
1419 2 8.5607 6.226 3.8912
1420 1 7.7825 7.0042 3.8912
1421 1 7.7825 6.226 4.6695
1422 2 8.5607 7.0042 4.6695
1423 1 8.5607 6.226 5.4477
1424 2 7.7825 7.0042 5.4477
1425 1 7.7825 6.226 6.226
1426 1 8.5607 7.0042 6.226
1427 2 8.5607 6.226 7.0042
1428 2 7.7825 7.0042 7.0042
1429 1 7.7825 6.226 7.7825
1430 1 8.5607 7.0042 7.7825
1431 1 8.5607 6.226 8.5607
1432 2 7.7825 7.0042 8.5607
1433 2 7.7825 6.226 9.339
1434 2 8.5607 7.0042 9.339
1435 2 8.5607 6.226 10.117
1436 2 7.7825 7.0042 10.117
1437 1 7.7825 6.226 10.895
1438 1 8.5607 7.0042 10.895
1439 2 8.5607 6.226 11.674
1440 2 7.7825 7.0042 11.674
1441 2 7.7825 7.7825 0
1442 2 8.5607 8.5607 0
1443 1 8.5607 7.7825 0.77825
1444 1 7.7825 8.5607 0.77825
1445 1 7.7825 7.7825 1.5565
1446 2 8.5607 8.5607 1.5565
1447 2 8.5607 7.7825 2.3347
1448 2 7.7825 8.5607 2.3347
1449 2 7.7825 7.7825 3.113
1450 1 8.5607 8.5607 3.113
1451 1 8.5607 7.7825 3.8912
1452 2 7.7825 8.5607 3.8912
1453 1 7.7825 7.7825 4.6695
1454 2 8.5607 8.5607 4.6695
1455 1 8.5607 7.7825 5.4477
1456 1 7.7825 8.5607 5.4477
1457 1 7.7825 7.7825 6.226
1458 1 8.5607 8.5607 6.226
1459 1 8.5607 7.7825 7.0042
1460 1 7.7825 8.5607 7.0042
1461 1 7.7825 7.7825 7.7825
1462 2 8.5607 8.5607 7.7825
1463 2 8.5607 7.7825 8.5607
1464 2 7.7825 8.5607 8.5607
1465 2 7.7825 7.7825 9.339
1466 2 8.5607 8.5607 9.339
1467 1 8.5607 7.7825 10.117
1468 1 7.7825 8.5607 10.117
1469 2 7.7825 7.7825 10.895
1470 2 8.5607 8.5607 10.895
1471 2 8.5607 7.7825 11.674
1472 2 7.7825 8.5607 11.674
1473 1 7.7825 9.339 0
1474 2 8.5607 10.117 0
1475 2 8.5607 9.339 0.77825
1476 1 7.7825 10.117 0.77825
1477 2 7.7825 9.339 1.5565
1478 1 8.5607 10.117 1.5565
1479 1 8.5607 9.339 2.3347
1480 1 7.7825 10.117 2.3347
1481 1 7.7825 9.339 3.113
1482 2 8.5607 10.117 3.113
1483 1 8.5607 9.339 3.8912
1484 1 7.7825 10.117 3.8912
1485 1 7.7825 9.339 4.6695
1486 1 8.5607 10.117 4.6695
1487 1 8.5607 9.339 5.4477
1488 1 7.7825 10.117 5.4477
1489 2 7.7825 9.339 6.226
1490 1 8.5607 10.117 6.226
1491 2 8.5607 9.339 7.0042
1492 2 7.7825 10.117 7.0042
1493 2 7.7825 9.339 7.7825
1494 1 8.5607 10.117 7.7825
1495 2 8.5607 9.339 8.5607
1496 2 7.7825 10.117 8.5607
1497 2 7.7825 9.339 9.339
1498 2 8.5607 10.117 9.339
1499 2 8.5607 9.339 10.117
1500 1 7.7825 10.117 10.117
1501 2 7.7825 9.339 10.895
1502 2 8.5607 10.117 10.895
1503 2 8.5607 9.339 11.674
1504 2 7.7825 10.117 11.674
1505 2 7.7825 10.895 0
1506 1 8.5607 11.674 0
1507 1 8.5607 10.895 0.77825
1508 2 7.7825 11.674 0.77825
1509 2 7.7825 10.895 1.5565
1510 2 8.5607 11.674 1.5565
1511 1 8.5607 10.895 2.3347
1512 2 7.7825 11.674 2.3347
1513 2 7.7825 10.895 3.113
1514 1 8.5607 11.674 3.113
1515 2 8.5607 10.895 3.8912
1516 2 7.7825 11.674 3.8912
1517 1 7.7825 10.895 4.6695
1518 1 8.5607 11.674 4.6695
1519 2 8.5607 10.895 5.4477
1520 2 7.7825 11.674 5.4477
1521 2 7.7825 10.895 6.226
1522 2 8.5607 11.674 6.226
1523 2 8.5607 10.895 7.0042
1524 2 7.7825 11.674 7.0042
1525 1 7.7825 10.895 7.7825
1526 2 8.5607 11.674 7.7825
1527 2 8.5607 10.895 8.5607
1528 2 7.7825 11.674 8.5607
1529 1 7.7825 10.895 9.339
1530 1 8.5607 11.674 9.339
1531 1 8.5607 10.895 10.117
1532 1 7.7825 11.674 10.117
1533 2 7.7825 10.895 10.895
1534 1 8.5607 11.674 10.895
1535 1 8.5607 10.895 11.674
1536 1 7.7825 11.674 11.674
1537 1 9.339 0 0
1538 1 10.117 0.77825 0
1539 2 10.117 0 0.77825
1540 2 9.339 0.77825 0.77825
1541 1 9.339 0 1.5565
1542 2 10.117 0.77825 1.5565
1543 1 10.117 0 2.3347
1544 2 9.339 0.77825 2.3347
1545 2 9.339 0 3.113
1546 2 10.117 0.77825 3.113
1547 1 10.117 0 3.8912
1548 1 9.339 0.77825 3.8912
1549 1 9.339 0 4.6695
1550 1 10.117 0.77825 4.6695
1551 2 10.117 0 5.4477
1552 2 9.339 0.77825 5.4477
1553 2 9.339 0 6.226
1554 1 10.117 0.77825 6.226
1555 2 10.117 0 7.0042
1556 1 9.339 0.77825 7.0042
1557 1 9.339 0 7.7825
1558 2 10.117 0.77825 7.7825
1559 1 10.117 0 8.5607
1560 2 9.339 0.77825 8.5607
1561 2 9.339 0 9.339
1562 1 10.117 0.77825 9.339
1563 2 10.117 0 10.117
1564 2 9.339 0.77825 10.117
1565 2 9.339 0 10.895
1566 1 10.117 0.77825 10.895
1567 2 10.117 0 11.674
1568 2 9.339 0.77825 11.674
1569 2 9.339 1.5565 0
1570 1 10.117 2.3347 0
1571 2 10.117 1.5565 0.77825
1572 1 9.339 2.3347 0.77825
1573 1 9.339 1.5565 1.5565
1574 1 10.117 2.3347 1.5565
1575 2 10.117 1.5565 2.3347
1576 1 9.339 2.3347 2.3347
1577 2 9.339 1.5565 3.113
1578 2 10.117 2.3347 3.113
1579 2 10.117 1.5565 3.8912
1580 2 9.339 2.3347 3.8912
1581 2 9.339 1.5565 4.6695
1582 1 10.117 2.3347 4.6695
1583 2 10.117 1.5565 5.4477
1584 2 9.339 2.3347 5.4477
1585 1 9.339 1.5565 6.226
1586 1 10.117 2.3347 6.226
1587 2 10.117 1.5565 7.0042
1588 1 9.339 2.3347 7.0042
1589 2 9.339 1.5565 7.7825
1590 1 10.117 2.3347 7.7825
1591 2 10.117 1.5565 8.5607
1592 2 9.339 2.3347 8.5607
1593 2 9.339 1.5565 9.339
1594 2 10.117 2.3347 9.339
1595 1 10.117 1.5565 10.117
1596 1 9.339 2.3347 10.117
1597 2 9.339 1.5565 10.895
1598 2 10.117 2.3347 10.895
1599 2 10.117 1.5565 11.674
1600 2 9.339 2.3347 11.674
1601 2 9.339 3.113 0
1602 1 10.117 3.8912 0
1603 1 10.117 3.113 0.77825
1604 2 9.339 3.8912 0.77825
1605 1 9.339 3.113 1.5565
1606 2 10.117 3.8912 1.5565
1607 1 10.117 3.113 2.3347
1608 2 9.339 3.8912 2.3347
1609 2 9.339 3.113 3.113
1610 1 10.117 3.8912 3.113
1611 2 10.117 3.113 3.8912
1612 1 9.339 3.8912 3.8912
1613 1 9.339 3.113 4.6695
1614 1 10.117 3.8912 4.6695
1615 2 10.117 3.113 5.4477
1616 2 9.339 3.8912 5.4477
1617 1 9.339 3.113 6.226
1618 2 10.117 3.8912 6.226
1619 2 10.117 3.113 7.0042
1620 1 9.339 3.8912 7.0042
1621 2 9.339 3.113 7.7825
1622 2 10.117 3.8912 7.7825
1623 1 10.117 3.113 8.5607
1624 1 9.339 3.8912 8.5607
1625 1 9.339 3.113 9.339
1626 1 10.117 3.8912 9.339
1627 2 10.117 3.113 10.117
1628 1 9.339 3.8912 10.117
1629 2 9.339 3.113 10.895
1630 1 10.117 3.8912 10.895
1631 2 10.117 3.113 11.674
1632 1 9.339 3.8912 11.674
1633 2 9.339 4.6695 0
1634 1 10.117 5.4477 0
1635 2 10.117 4.6695 0.77825
1636 1 9.339 5.4477 0.77825
1637 1 9.339 4.6695 1.5565
1638 2 10.117 5.4477 1.5565
1639 2 10.117 4.6695 2.3347
1640 1 9.339 5.4477 2.3347
1641 1 9.339 4.6695 3.113
1642 2 10.117 5.4477 3.113
1643 2 10.117 4.6695 3.8912
1644 2 9.339 5.4477 3.8912
1645 1 9.339 4.6695 4.6695
1646 1 10.117 5.4477 4.6695
1647 1 10.117 4.6695 5.4477
1648 2 9.339 5.4477 5.4477
1649 1 9.339 4.6695 6.226
1650 1 10.117 5.4477 6.226
1651 2 10.117 4.6695 7.0042
1652 2 9.339 5.4477 7.0042
1653 1 9.339 4.6695 7.7825
1654 1 10.117 5.4477 7.7825
1655 1 10.117 4.6695 8.5607
1656 1 9.339 5.4477 8.5607
1657 1 9.339 4.6695 9.339
1658 1 10.117 5.4477 9.339
1659 1 10.117 4.6695 10.117
1660 2 9.339 5.4477 10.117
1661 1 9.339 4.6695 10.895
1662 2 10.117 5.4477 10.895
1663 2 10.117 4.6695 11.674
1664 1 9.339 5.4477 11.674
1665 1 9.339 6.226 0
1666 2 10.117 7.0042 0
1667 1 10.117 6.226 0.77825
1668 2 9.339 7.0042 0.77825
1669 1 9.339 6.226 1.5565
1670 2 10.117 7.0042 1.5565
1671 1 10.117 6.226 2.3347
1672 1 9.339 7.0042 2.3347
1673 2 9.339 6.226 3.113
1674 2 10.117 7.0042 3.113
1675 1 10.117 6.226 3.8912
1676 2 9.339 7.0042 3.8912
1677 1 9.339 6.226 4.6695
1678 2 10.117 7.0042 4.6695
1679 2 10.117 6.226 5.4477
1680 2 9.339 7.0042 5.4477
1681 2 9.339 6.226 6.226
1682 1 10.117 7.0042 6.226
1683 1 10.117 6.226 7.0042
1684 2 9.339 7.0042 7.0042
1685 1 9.339 6.226 7.7825
1686 1 10.117 7.0042 7.7825
1687 1 10.117 6.226 8.5607
1688 2 9.339 7.0042 8.5607
1689 1 9.339 6.226 9.339
1690 2 10.117 7.0042 9.339
1691 1 10.117 6.226 10.117
1692 1 9.339 7.0042 10.117
1693 2 9.339 6.226 10.895
1694 1 10.117 7.0042 10.895
1695 1 10.117 6.226 11.674
1696 2 9.339 7.0042 11.674
1697 2 9.339 7.7825 0
1698 2 10.117 8.5607 0
1699 2 10.117 7.7825 0.77825
1700 1 9.339 8.5607 0.77825
1701 1 9.339 7.7825 1.5565
1702 1 10.117 8.5607 1.5565
1703 1 10.117 7.7825 2.3347
1704 2 9.339 8.5607 2.3347
1705 1 9.339 7.7825 3.113
1706 2 10.117 8.5607 3.113
1707 1 10.117 7.7825 3.8912
1708 1 9.339 8.5607 3.8912
1709 1 9.339 7.7825 4.6695
1710 1 10.117 8.5607 4.6695
1711 2 10.117 7.7825 5.4477
1712 1 9.339 8.5607 5.4477
1713 1 9.339 7.7825 6.226
1714 1 10.117 8.5607 6.226
1715 1 10.117 7.7825 7.0042
1716 2 9.339 8.5607 7.0042
1717 2 9.339 7.7825 7.7825
1718 1 10.117 8.5607 7.7825
1719 2 10.117 7.7825 8.5607
1720 1 9.339 8.5607 8.5607
1721 2 9.339 7.7825 9.339
1722 1 10.117 8.5607 9.339
1723 1 10.117 7.7825 10.117
1724 2 9.339 8.5607 10.117
1725 2 9.339 7.7825 10.895
1726 1 10.117 8.5607 10.895
1727 2 10.117 7.7825 11.674
1728 2 9.339 8.5607 11.674
1729 2 9.339 9.339 0
1730 2 10.117 10.117 0
1731 2 10.117 9.339 0.77825
1732 2 9.339 10.117 0.77825
1733 2 9.339 9.339 1.5565
1734 1 10.117 10.117 1.5565
1735 2 10.117 9.339 2.3347
1736 1 9.339 10.117 2.3347
1737 2 9.339 9.339 3.113
1738 1 10.117 10.117 3.113
1739 2 10.117 9.339 3.8912
1740 2 9.339 10.117 3.8912
1741 2 9.339 9.339 4.6695
1742 1 10.117 10.117 4.6695
1743 1 10.117 9.339 5.4477
1744 1 9.339 10.117 5.4477
1745 2 9.339 9.339 6.226
1746 1 10.117 10.117 6.226
1747 1 10.117 9.339 7.0042
1748 1 9.339 10.117 7.0042
1749 2 9.339 9.339 7.7825
1750 1 10.117 10.117 7.7825
1751 1 10.117 9.339 8.5607
1752 2 9.339 10.117 8.5607
1753 1 9.339 9.339 9.339
1754 1 10.117 10.117 9.339
1755 1 10.117 9.339 10.117
1756 1 9.339 10.117 10.117
1757 1 9.339 9.339 10.895
1758 1 10.117 10.117 10.895
1759 2 10.117 9.339 11.674
1760 1 9.339 10.117 11.674
1761 1 9.339 10.895 0
1762 1 10.117 11.674 0
1763 2 10.117 10.895 0.77825
1764 1 9.339 11.674 0.77825
1765 1 9.339 10.895 1.5565
1766 1 10.117 11.674 1.5565
1767 1 10.117 10.895 2.3347
1768 2 9.339 11.674 2.3347
1769 1 9.339 10.895 3.113
1770 2 10.117 11.674 3.113
1771 2 10.117 10.895 3.8912
1772 2 9.339 11.674 3.8912
1773 1 9.339 10.895 4.6695
1774 1 10.117 11.674 4.6695
1775 2 10.117 10.895 5.4477
1776 2 9.339 11.674 5.4477
1777 2 9.339 10.895 6.226
1778 1 10.117 11.674 6.226
1779 2 10.117 10.895 7.0042
1780 2 9.339 11.674 7.0042
1781 1 9.339 10.895 7.7825
1782 1 10.117 11.674 7.7825
1783 2 10.117 10.895 8.5607
1784 1 9.339 11.674 8.5607
1785 1 9.339 10.895 9.339
1786 1 10.117 11.674 9.339
1787 2 10.117 10.895 10.117
1788 1 9.339 11.674 10.117
1789 1 9.339 10.895 10.895
1790 2 10.117 11.674 10.895
1791 2 10.117 10.895 11.674
1792 1 9.339 11.674 11.674
1793 1 10.895 0 0
1794 1 11.674 0.77825 0
1795 2 11.674 0 0.77825
1796 2 10.895 0.77825 0.77825
1797 1 10.895 0 1.5565
1798 2 11.674 0.77825 1.5565
1799 1 11.674 0 2.3347
1800 2 10.895 0.77825 2.3347
1801 1 10.895 0 3.113
1802 2 11.674 0.77825 3.113
1803 1 11.674 0 3.8912
1804 1 10.895 0.77825 3.8912
1805 2 10.895 0 4.6695
1806 1 11.674 0.77825 4.6695
1807 2 11.674 0 5.4477
1808 1 10.895 0.77825 5.4477
1809 2 10.895 0 6.226
1810 1 11.674 0.77825 6.226
1811 1 11.674 0 7.0042
1812 2 10.895 0.77825 7.0042
1813 1 10.895 0 7.7825
1814 1 11.674 0.77825 7.7825
1815 2 11.674 0 8.5607
1816 2 10.895 0.77825 8.5607
1817 1 10.895 0 9.339
1818 1 11.674 0.77825 9.339
1819 2 11.674 0 10.117
1820 1 10.895 0.77825 10.117
1821 1 10.895 0 10.895
1822 1 11.674 0.77825 10.895
1823 2 11.674 0 11.674
1824 1 10.895 0.77825 11.674
1825 1 10.895 1.5565 0
1826 1 11.674 2.3347 0
1827 1 11.674 1.5565 0.77825
1828 2 10.895 2.3347 0.77825
1829 2 10.895 1.5565 1.5565
1830 1 11.674 2.3347 1.5565
1831 1 11.674 1.5565 2.3347
1832 1 10.895 2.3347 2.3347
1833 2 10.895 1.5565 3.113
1834 2 11.674 2.3347 3.113
1835 2 11.674 1.5565 3.8912
1836 1 10.895 2.3347 3.8912
1837 2 10.895 1.5565 4.6695
1838 2 11.674 2.3347 4.6695
1839 1 11.674 1.5565 5.4477
1840 2 10.895 2.3347 5.4477
1841 2 10.895 1.5565 6.226
1842 2 11.674 2.3347 6.226
1843 1 11.674 1.5565 7.0042
1844 1 10.895 2.3347 7.0042
1845 1 10.895 1.5565 7.7825
1846 2 11.674 2.3347 7.7825
1847 2 11.674 1.5565 8.5607
1848 2 10.895 2.3347 8.5607
1849 1 10.895 1.5565 9.339
1850 1 11.674 2.3347 9.339
1851 2 11.674 1.5565 10.117
1852 2 10.895 2.3347 10.117
1853 2 10.895 1.5565 10.895
1854 2 11.674 2.3347 10.895
1855 1 11.674 1.5565 11.674
1856 1 10.895 2.3347 11.674
1857 2 10.895 3.113 0
1858 1 11.674 3.8912 0
1859 1 11.674 3.113 0.77825
1860 1 10.895 3.8912 0.77825
1861 2 10.895 3.113 1.5565
1862 2 11.674 3.8912 1.5565
1863 2 11.674 3.113 2.3347
1864 1 10.895 3.8912 2.3347
1865 2 10.895 3.113 3.113
1866 2 11.674 3.8912 3.113
1867 2 11.674 3.113 3.8912
1868 1 10.895 3.8912 3.8912
1869 1 10.895 3.113 4.6695
1870 2 11.674 3.8912 4.6695
1871 2 11.674 3.113 5.4477
1872 2 10.895 3.8912 5.4477
1873 1 10.895 3.113 6.226
1874 1 11.674 3.8912 6.226
1875 2 11.674 3.113 7.0042
1876 2 10.895 3.8912 7.0042
1877 1 10.895 3.113 7.7825
1878 1 11.674 3.8912 7.7825
1879 2 11.674 3.113 8.5607
1880 2 10.895 3.8912 8.5607
1881 2 10.895 3.113 9.339
1882 1 11.674 3.8912 9.339
1883 2 11.674 3.113 10.117
1884 1 10.895 3.8912 10.117
1885 2 10.895 3.113 10.895
1886 1 11.674 3.8912 10.895
1887 2 11.674 3.113 11.674
1888 1 10.895 3.8912 11.674
1889 2 10.895 4.6695 0
1890 1 11.674 5.4477 0
1891 1 11.674 4.6695 0.77825
1892 2 10.895 5.4477 0.77825
1893 1 10.895 4.6695 1.5565
1894 1 11.674 5.4477 1.5565
1895 1 11.674 4.6695 2.3347
1896 1 10.895 5.4477 2.3347
1897 1 10.895 4.6695 3.113
1898 2 11.674 5.4477 3.113
1899 2 11.674 4.6695 3.8912
1900 2 10.895 5.4477 3.8912
1901 1 10.895 4.6695 4.6695
1902 1 11.674 5.4477 4.6695
1903 1 11.674 4.6695 5.4477
1904 2 10.895 5.4477 5.4477
1905 1 10.895 4.6695 6.226
1906 1 11.674 5.4477 6.226
1907 1 11.674 4.6695 7.0042
1908 1 10.895 5.4477 7.0042
1909 1 10.895 4.6695 7.7825
1910 1 11.674 5.4477 7.7825
1911 2 11.674 4.6695 8.5607
1912 1 10.895 5.4477 8.5607
1913 2 10.895 4.6695 9.339
1914 1 11.674 5.4477 9.339
1915 2 11.674 4.6695 10.117
1916 1 10.895 5.4477 10.117
1917 2 10.895 4.6695 10.895
1918 1 11.674 5.4477 10.895
1919 2 11.674 4.6695 11.674
1920 1 10.895 5.4477 11.674
1921 1 10.895 6.226 0
1922 1 11.674 7.0042 0
1923 1 11.674 6.226 0.77825
1924 2 10.895 7.0042 0.77825
1925 1 10.895 6.226 1.5565
1926 1 11.674 7.0042 1.5565
1927 2 11.674 6.226 2.3347
1928 2 10.895 7.0042 2.3347
1929 1 10.895 6.226 3.113
1930 2 11.674 7.0042 3.113
1931 1 11.674 6.226 3.8912
1932 1 10.895 7.0042 3.8912
1933 1 10.895 6.226 4.6695
1934 2 11.674 7.0042 4.6695
1935 1 11.674 6.226 5.4477
1936 2 10.895 7.0042 5.4477
1937 1 10.895 6.226 6.226
1938 2 11.674 7.0042 6.226
1939 1 11.674 6.226 7.0042
1940 1 10.895 7.0042 7.0042
1941 2 10.895 6.226 7.7825
1942 2 11.674 7.0042 7.7825
1943 1 11.674 6.226 8.5607
1944 2 10.895 7.0042 8.5607
1945 2 10.895 6.226 9.339
1946 1 11.674 7.0042 9.339
1947 2 11.674 6.226 10.117
1948 2 10.895 7.0042 10.117
1949 2 10.895 6.226 10.895
1950 2 11.674 7.0042 10.895
1951 1 11.674 6.226 11.674
1952 1 10.895 7.0042 11.674
1953 1 10.895 7.7825 0
1954 1 11.674 8.5607 0
1955 1 11.674 7.7825 0.77825
1956 1 10.895 8.5607 0.77825
1957 1 10.895 7.7825 1.5565
1958 1 11.674 8.5607 1.5565
1959 1 11.674 7.7825 2.3347
1960 2 10.895 8.5607 2.3347
1961 1 10.895 7.7825 3.113
1962 1 11.674 8.5607 3.113
1963 2 11.674 7.7825 3.8912
1964 1 10.895 8.5607 3.8912
1965 1 10.895 7.7825 4.6695
1966 1 11.674 8.5607 4.6695
1967 1 11.674 7.7825 5.4477
1968 2 10.895 8.5607 5.4477
1969 1 10.895 7.7825 6.226
1970 1 11.674 8.5607 6.226
1971 1 11.674 7.7825 7.0042
1972 1 10.895 8.5607 7.0042
1973 1 10.895 7.7825 7.7825
1974 2 11.674 8.5607 7.7825
1975 2 11.674 7.7825 8.5607
1976 2 10.895 8.5607 8.5607
1977 1 10.895 7.7825 9.339
1978 2 11.674 8.5607 9.339
1979 1 11.674 7.7825 10.117
1980 2 10.895 8.5607 10.117
1981 1 10.895 7.7825 10.895
1982 2 11.674 8.5607 10.895
1983 1 11.674 7.7825 11.674
1984 2 10.895 8.5607 11.674
1985 1 10.895 9.339 0
1986 1 11.674 10.117 0
1987 1 11.674 9.339 0.77825
1988 1 10.895 10.117 0.77825
1989 2 10.895 9.339 1.5565
1990 1 11.674 10.117 1.5565
1991 1 11.674 9.339 2.3347
1992 2 10.895 10.117 2.3347
1993 2 10.895 9.339 3.113
1994 1 11.674 10.117 3.113
1995 2 11.674 9.339 3.8912
1996 2 10.895 10.117 3.8912
1997 2 10.895 9.339 4.6695
1998 2 11.674 10.117 4.6695
1999 2 11.674 9.339 5.4477
2000 2 10.895 10.117 5.4477
2001 1 10.895 9.339 6.226
2002 2 11.674 10.117 6.226
2003 1 11.674 9.339 7.0042
2004 1 10.895 10.117 7.0042
2005 1 10.895 9.339 7.7825
2006 2 11.674 10.117 7.7825
2007 1 11.674 9.339 8.5607
2008 1 10.895 10.117 8.5607
2009 1 10.895 9.339 9.339
2010 2 11.674 10.117 9.339
2011 1 11.674 9.339 10.117
2012 1 10.895 10.117 10.117
2013 2 10.895 9.339 10.895
2014 1 11.674 10.117 10.895
2015 2 11.674 9.339 11.674
2016 1 10.895 10.117 11.674
2017 2 10.895 10.895 0
2018 1 11.674 11.674 0
2019 1 11.674 10.895 0.77825
2020 2 10.895 11.674 0.77825
2021 1 10.895 10.895 1.5565
2022 2 11.674 11.674 1.5565
2023 1 11.674 10.895 2.3347
2024 2 10.895 11.674 2.3347
2025 1 10.895 10.895 3.113
2026 2 11.674 11.674 3.113
2027 2 11.674 10.895 3.8912
2028 2 10.895 11.674 3.8912
2029 2 10.895 10.895 4.6695
2030 1 11.674 11.674 4.6695
2031 2 11.674 10.895 5.4477
2032 1 10.895 11.674 5.4477
2033 2 10.895 10.895 6.226
2034 1 11.674 11.674 6.226
2035 2 11.674 10.895 7.0042
2036 1 10.895 11.674 7.0042
2037 2 10.895 10.895 7.7825
2038 1 11.674 11.674 7.7825
2039 1 11.674 10.895 8.5607
2040 2 10.895 11.674 8.5607
2041 2 10.895 10.895 9.339
2042 2 11.674 11.674 9.339
2043 2 11.674 10.895 10.117
2044 2 10.895 11.674 10.117
2045 1 10.895 10.895 10.895
2046 1 11.674 11.674 10.895
2047 1 11.674 10.895 11.674
2048 1 10.895 11.674 11.674
